Taille instance		Temps Algo LAP			Temps GLPK JUMP
5.0         		0.134          			2.693
10.0        		0.134          			2.701
15.0         		0.13           			2.713
20.0         		0.148          			2.699
25.0        		0.014          			2.706
30.0        		0.16           			2.726
35.0        		0.144          			2.719
40.0         		0.169          			2.739
45.0         		0.17           			2.729
50.0        		0.17           			2.734
55.0       		0.205          			2.751
60.0         		0.21           			2.763
65.0         		0.236          			2.843
70.0         		0.237          			2.815
75.0         		0.246          			2.88
80.0         		0.265          			2.838
85.0         		0.256          			2.854
90.0         		0.38           			2.892
95.0         		0.342          			2.998
100.0        		0.322          			2.999
150.0        		0.659          			3.659
200.0        		0.76           			5.146
300.0        		2.64           			12.155
400.0        		4.803          			29.155
500.0       		> 1800         			62.351
600          		> 1800         			112.336
700          		> 1800         			207.746
