75
 1 47 78 65 56 93 68 2 75 76 86 70 41 94 55 43 8 86 73 84 89 11 2 11 42 3 82 97 74 56 17 79 43 21 29 16 51 42 49 15 64 42 43 30 18 68 8 26 96 51 29 1 1 94 28 43 31 91 48 30 23 90 9 68 96 100 19 48 73 46 83 79 1 40 77
 58 8 48 69 73 16 32 67 54 78 25 24 24 0 9 98 64 65 17 75 0 85 6 44 100 99 68 42 8 51 85 75 65 98 24 78 25 68 55 77 35 56 15 93 96 30 40 18 26 4 46 13 39 52 74 0 6 92 48 72 22 77 80 14 91 29 78 5 0 69 42 33 80 96 9
 1 100 23 17 3 63 16 79 82 34 23 92 31 22 4 7 71 96 81 54 77 20 12 36 22 65 40 52 39 60 79 43 58 97 8 76 11 33 94 12 85 8 11 50 73 31 48 4 60 37 40 27 81 47 53 25 91 67 82 65 15 58 49 16 60 33 57 93 17 22 13 28 34 84 49
 2 70 10 76 9 50 43 30 79 61 61 42 9 93 14 80 92 71 25 56 18 1 43 6 17 20 44 26 21 45 48 64 18 78 90 16 69 23 10 23 47 15 2 92 52 4 41 27 18 10 3 73 66 20 100 43 86 83 53 96 5 24 58 21 13 97 64 93 82 80 21 67 33 83 54
 78 19 14 96 21 93 67 10 58 83 9 66 11 39 98 60 5 23 23 50 67 83 65 11 78 6 27 53 44 21 48 68 35 24 8 57 67 2 17 49 10 42 6 79 28 2 82 82 64 10 66 40 15 92 53 10 11 29 45 65 69 26 86 100 92 63 12 68 10 12 74 60 58 29 38
 65 12 35 24 82 14 47 32 7 31 74 33 13 93 20 45 75 63 60 87 69 41 81 7 62 14 2 84 70 10 72 70 12 30 62 93 53 5 85 42 14 60 87 72 32 35 1 27 88 48 43 30 38 39 12 40 80 32 86 73 1 26 100 23 63 77 52 0 12 55 43 11 44 66 14
 61 25 29 60 44 4 75 1 6 100 56 79 1 95 94 12 14 57 4 96 32 55 67 74 80 59 32 54 97 4 74 23 53 66 97 53 77 89 16 42 12 76 63 50 53 47 55 0 39 26 52 11 14 36 97 95 35 35 63 66 10 12 67 27 42 94 35 82 18 90 83 26 51 15 69
 14 92 36 42 61 96 74 82 0 99 5 34 95 12 95 4 89 46 40 29 79 40 88 100 4 89 9 34 66 86 81 32 6 9 29 80 29 24 16 4 44 72 4 79 62 100 67 33 81 72 79 12 28 26 85 48 55 45 43 10 13 89 74 43 62 84 19 58 50 72 47 1 84 12 35
 25 34 79 75 5 66 37 5 75 14 13 98 73 99 74 84 69 4 0 95 11 22 88 69 87 47 32 76 38 86 86 70 41 17 67 77 2 24 12 93 2 48 77 2 96 73 58 51 89 72 43 88 82 65 58 55 7 25 40 95 44 69 20 47 89 16 48 56 37 95 8 97 15 10 44
 98 70 75 30 53 97 79 58 29 37 32 36 32 97 4 46 31 79 39 48 80 67 19 46 65 77 34 99 71 24 17 66 6 42 86 78 45 16 40 45 0 89 64 86 16 49 96 40 89 0 68 99 36 46 78 77 52 14 47 88 69 71 77 11 52 19 73 51 56 74 15 32 79 96 25
 99 98 65 45 77 50 28 83 72 62 75 29 65 67 15 91 89 86 68 4 3 72 86 59 66 63 52 35 100 6 31 27 17 73 16 24 35 64 11 48 55 76 9 94 21 38 66 71 44 25 16 4 9 6 92 59 44 22 16 49 70 63 3 67 98 43 62 28 2 69 52 75 37 26 69
 44 61 76 37 44 61 0 1 57 33 16 38 54 27 18 60 68 21 43 23 41 82 14 61 15 50 40 19 94 11 17 97 20 50 15 13 23 5 35 60 56 38 18 50 17 61 85 20 75 25 1 62 28 74 62 28 37 65 18 29 33 1 0 81 85 97 46 67 4 20 49 70 40 56 97
 13 17 4 12 54 39 9 81 50 56 93 64 64 31 73 49 48 61 89 64 90 26 69 66 89 33 70 1 81 95 17 11 11 76 38 97 50 70 38 43 72 97 88 49 89 71 63 91 78 33 77 0 77 6 8 100 71 7 90 7 3 100 85 46 20 71 10 90 75 75 67 31 55 86 67
 73 63 58 77 96 73 83 16 35 67 30 86 78 80 71 96 99 3 76 13 13 58 19 75 92 94 79 73 12 54 66 93 96 90 80 78 58 95 19 38 35 44 39 89 83 38 22 11 49 16 4 69 68 93 75 24 12 94 37 45 22 55 72 14 12 56 80 15 66 20 58 56 56 13 99
 10 2 96 10 89 26 4 25 57 70 4 58 29 16 95 40 70 40 89 10 10 28 65 23 19 70 88 63 15 98 4 70 20 73 2 42 17 74 3 46 24 0 34 30 68 84 58 44 33 46 16 13 67 62 88 16 39 20 52 11 55 20 42 17 15 35 76 89 63 8 96 36 15 35 58
 40 7 100 39 52 27 22 17 56 70 53 76 50 3 15 46 5 69 18 38 25 47 0 4 27 39 93 94 67 34 2 69 95 11 0 43 97 9 77 35 2 86 58 6 82 94 70 19 71 57 25 54 61 39 11 24 89 14 45 20 74 32 14 17 13 97 30 52 85 21 67 45 7 97 93
 30 40 18 15 97 96 38 83 29 19 54 76 55 64 65 98 41 52 54 64 58 76 75 35 37 84 45 15 25 32 36 41 4 84 53 88 88 85 80 50 68 8 71 35 23 3 83 93 74 94 31 42 60 89 67 81 52 30 94 43 41 28 16 62 71 57 64 83 14 98 96 8 50 20 60
 96 2 67 81 29 94 51 18 33 5 25 67 37 74 36 31 25 59 44 7 39 63 97 63 63 63 65 37 45 38 23 69 26 25 76 29 42 21 98 88 68 80 63 47 33 17 78 51 52 16 25 50 60 28 11 5 48 59 85 59 65 51 75 18 27 8 27 41 81 38 33 34 74 76 74
 32 43 53 51 33 20 53 43 5 2 34 4 15 71 86 13 13 11 89 72 59 4 80 8 85 48 66 67 5 79 13 55 64 72 78 94 53 38 34 2 78 28 52 46 80 59 54 33 72 99 72 76 100 68 27 99 50 24 43 93 86 70 7 49 7 52 93 66 80 68 79 65 90 100 42
 62 76 32 63 54 29 8 10 91 64 66 67 51 8 44 20 1 76 92 83 62 38 100 5 31 19 33 75 40 55 70 12 11 48 56 0 17 25 83 58 31 21 7 98 47 17 90 38 97 60 28 47 95 73 89 5 10 92 82 87 55 80 26 77 66 9 42 22 84 66 97 59 74 51 10
 12 73 0 29 4 27 94 79 72 89 48 57 94 56 30 8 75 88 82 45 45 62 1 41 25 25 42 51 63 96 10 0 48 49 70 39 3 50 85 92 6 79 83 60 34 28 62 82 96 18 69 59 43 76 18 66 75 50 31 71 28 85 94 51 51 71 62 79 93 19 84 35 91 80 93
 80 53 36 20 13 16 100 96 77 21 37 90 96 9 66 60 9 6 58 82 70 42 59 2 95 11 92 66 84 50 69 19 80 30 46 46 12 71 8 54 70 37 11 26 1 53 2 24 50 37 30 83 19 65 96 53 34 43 15 27 47 34 33 52 32 80 24 38 39 56 0 46 93 49 58
 48 99 89 49 36 84 18 71 81 5 97 69 57 23 7 3 29 16 86 10 66 0 97 10 66 22 45 14 24 33 11 12 22 56 15 88 16 36 21 24 18 71 40 6 65 37 22 43 27 31 64 82 73 13 65 32 73 36 26 71 15 66 49 10 73 75 52 65 22 94 88 50 52 37 76
 49 68 97 27 43 6 98 39 19 47 95 96 100 14 6 51 10 19 4 45 46 3 50 29 71 56 88 35 29 24 82 30 13 64 50 54 12 23 76 15 78 55 79 80 2 80 17 3 47 33 41 72 4 11 16 45 34 79 13 28 67 80 26 54 59 54 22 81 98 12 2 35 15 57 1
 16 4 18 52 15 68 22 6 100 81 90 47 7 26 23 68 40 73 67 33 33 58 69 51 14 47 76 4 64 16 1 70 59 57 27 5 6 98 68 46 75 91 43 95 44 34 71 12 56 52 79 98 17 33 97 64 22 12 94 58 72 1 69 83 36 12 77 59 98 15 67 86 91 28 86
 21 30 38 37 55 30 37 19 57 19 98 34 70 63 4 25 75 90 68 43 9 88 77 90 67 57 13 35 31 1 76 54 90 2 85 29 16 46 44 33 54 66 53 8 44 77 31 15 18 89 24 40 40 47 59 74 37 3 55 4 4 4 71 100 27 75 56 88 18 92 41 31 21 63 25
 90 78 27 37 87 27 8 58 41 42 61 51 55 51 48 7 52 84 98 53 2 1 83 59 55 25 2 97 86 67 28 77 0 89 15 26 32 20 46 50 96 45 81 9 95 55 53 84 86 82 18 66 66 31 4 64 28 5 35 11 53 17 62 82 75 4 15 58 5 65 14 97 64 0 86
 63 11 51 78 4 89 45 70 43 26 82 30 13 71 18 95 98 7 34 76 56 62 35 65 53 81 36 29 3 49 77 85 73 66 64 50 36 86 46 20 56 24 38 23 52 71 94 29 89 72 26 84 98 15 99 16 80 6 89 5 12 17 28 92 58 40 64 39 20 80 13 80 51 16 3
 46 44 80 93 50 28 13 99 61 89 49 60 22 98 48 73 13 27 23 16 99 56 4 60 59 58 59 56 95 22 57 67 12 48 4 96 27 56 53 68 87 49 33 87 18 60 49 40 76 93 69 44 26 67 8 1 75 5 20 20 47 73 86 11 43 85 42 33 57 17 75 48 11 69 67
 60 50 55 71 67 43 95 79 74 89 10 25 46 75 42 59 50 24 93 0 70 56 50 92 80 14 43 93 81 28 54 77 88 29 39 88 39 29 52 26 21 55 89 43 40 32 50 26 6 6 84 93 34 54 66 14 70 60 94 32 83 57 51 50 91 62 92 12 59 77 55 97 89 35 11
 24 91 70 37 41 83 60 25 95 85 55 54 75 95 75 99 34 65 76 31 39 49 64 52 23 55 58 86 32 70 72 97 2 77 74 19 14 80 13 0 42 19 7 53 7 45 1 70 50 98 59 33 54 6 70 70 6 19 28 43 76 9 92 89 26 100 22 90 3 58 65 2 88 21 31
 57 86 53 3 53 91 26 50 56 32 71 38 84 44 83 19 50 20 16 67 77 34 15 9 94 87 64 94 67 83 34 89 84 63 82 8 3 53 94 18 74 9 17 17 68 100 66 94 54 17 60 50 64 77 82 73 47 96 65 2 68 82 34 26 58 3 15 66 75 29 44 20 93 42 19
 17 30 89 51 9 1 100 0 86 75 86 42 86 61 89 59 68 71 67 77 78 25 76 18 78 87 94 94 15 71 87 30 85 100 66 38 89 27 75 66 1 19 6 47 42 9 83 79 9 98 35 93 7 24 55 71 71 36 78 0 25 89 57 30 79 81 31 27 14 73 36 9 37 14 34
 30 44 29 26 51 82 5 62 57 70 88 23 91 52 28 22 13 77 96 62 51 57 51 89 4 64 8 77 94 22 15 74 54 15 9 69 100 34 6 20 5 10 78 53 18 45 83 67 4 47 18 35 23 49 80 77 80 69 4 21 74 87 67 0 97 8 96 32 85 31 44 62 37 20 4
 81 56 35 35 41 66 96 44 73 26 4 52 77 89 41 6 12 22 91 97 89 61 78 25 13 62 53 10 75 43 4 73 47 6 55 8 50 98 88 62 76 70 87 38 21 2 59 21 93 97 77 18 97 73 47 48 48 70 25 65 71 45 61 70 20 53 15 90 26 61 44 5 61 76 67
 6 87 55 53 88 65 9 67 28 59 92 66 58 43 80 59 16 31 38 54 92 60 36 39 17 67 83 17 34 88 97 84 23 89 70 4 0 18 84 89 95 48 69 39 100 73 62 41 49 63 91 61 47 93 94 50 51 63 68 3 48 13 30 89 10 67 64 36 52 32 45 60 94 17 51
 28 55 23 84 26 89 96 21 88 75 47 37 50 95 86 55 35 41 38 23 82 19 53 3 98 69 77 86 35 63 28 97 41 46 44 40 11 12 55 73 55 87 7 79 86 72 46 99 14 48 58 48 0 92 34 33 99 33 78 88 37 61 23 22 87 100 0 88 9 98 48 94 13 96 29
 20 94 69 36 27 55 34 51 32 84 5 86 92 41 77 64 38 71 71 35 82 59 74 61 59 34 73 52 19 63 17 14 64 32 67 13 32 42 44 90 24 32 95 27 53 31 86 35 99 83 45 29 88 13 69 9 94 32 50 80 14 46 88 41 22 76 30 80 79 12 13 99 45 45 66
 35 79 59 13 16 5 57 79 71 76 74 28 80 75 44 53 7 23 64 79 60 88 45 56 61 26 81 17 60 34 33 47 49 23 52 16 60 3 18 16 92 54 22 24 3 84 97 6 49 45 45 76 68 46 76 76 78 18 13 100 33 17 98 29 37 28 49 47 15 13 31 51 61 87 87
 1 98 2 85 52 77 20 97 38 98 95 59 7 55 46 94 32 96 8 30 29 19 64 98 76 14 54 67 27 78 32 11 46 85 7 34 80 82 71 43 90 49 35 24 45 44 89 72 74 78 98 20 54 92 29 56 97 18 48 65 24 83 60 31 42 88 7 57 13 14 7 39 88 100 80
 82 47 30 7 53 59 57 6 89 70 87 8 12 82 0 19 5 29 83 83 1 60 87 31 83 18 82 6 24 55 89 89 88 42 75 57 73 82 59 76 24 11 89 22 67 60 59 21 44 7 64 31 1 71 63 42 84 66 67 49 33 13 33 60 32 34 87 29 5 75 27 89 94 25 18
 27 51 47 44 18 68 75 83 21 22 63 89 57 100 76 34 42 38 69 34 36 31 96 22 82 61 25 65 66 37 93 83 2 14 21 5 97 66 92 83 51 38 3 39 53 4 43 46 75 85 37 65 81 15 0 96 91 72 47 98 91 65 85 100 69 39 42 25 85 99 22 86 59 68 53
 32 75 48 2 23 84 7 54 39 89 91 26 52 18 26 66 60 26 86 67 5 66 43 2 17 77 14 84 16 38 91 20 25 35 70 27 14 49 88 19 49 75 76 24 97 66 60 96 7 66 5 32 63 97 95 55 70 92 70 79 78 10 64 11 9 30 69 37 15 73 92 86 96 0 46
 32 14 44 56 20 41 49 5 88 54 24 40 78 87 38 11 65 77 3 36 59 60 78 91 19 0 30 73 30 68 97 79 39 62 69 35 23 64 59 34 77 13 24 30 92 85 96 53 19 29 82 88 6 76 6 94 57 25 93 32 59 17 57 84 23 0 87 34 90 90 14 3 52 100 5
 51 94 28 39 49 57 54 94 68 0 24 57 34 62 77 6 90 17 99 69 2 56 37 56 10 28 47 59 71 42 63 10 51 13 93 43 97 42 84 99 33 6 58 13 99 8 6 78 19 13 19 38 60 93 82 58 5 2 69 67 30 98 13 69 55 36 42 94 11 46 86 70 86 37 47
 44 91 94 16 10 78 37 84 7 45 39 14 16 21 81 75 66 43 79 47 83 92 47 78 8 84 74 77 22 95 81 72 5 48 50 35 42 97 19 38 74 78 72 78 51 33 17 93 28 27 7 47 88 77 31 96 61 34 52 19 64 82 44 7 76 4 65 22 7 98 39 2 28 54 45
 20 26 84 23 13 30 92 57 87 83 8 64 49 33 88 95 46 78 96 7 43 59 60 53 86 78 90 69 1 6 89 54 63 62 35 11 89 74 89 11 46 44 31 85 17 71 52 69 68 75 76 28 39 27 50 55 24 6 93 88 97 31 3 41 48 15 19 8 80 83 13 46 45 72 58
 78 86 8 12 33 100 23 58 77 3 44 40 69 94 38 90 27 28 88 53 82 55 4 70 22 51 54 41 29 46 39 32 19 90 49 17 86 42 37 37 89 66 98 17 0 81 89 94 95 64 39 51 91 70 37 64 31 89 94 82 14 73 41 42 94 44 25 10 18 78 46 36 18 23 47
 46 81 50 90 52 73 87 17 46 75 27 87 58 27 22 5 21 16 94 70 94 77 62 99 8 31 99 27 62 15 27 9 96 37 84 67 53 60 50 39 60 2 22 41 36 40 40 27 74 64 40 80 77 64 6 39 75 100 12 37 76 41 20 59 23 24 16 87 12 42 43 18 1 80 37
 57 100 72 23 32 60 44 45 87 29 97 25 66 37 90 13 14 43 34 39 8 13 32 52 81 36 64 75 57 31 99 81 56 44 80 16 68 98 83 6 30 26 77 52 41 25 10 87 77 84 5 27 9 52 1 87 0 92 62 27 98 59 32 15 47 45 25 47 15 0 14 36 5 37 14
 84 33 64 44 45 68 64 44 30 2 80 6 65 39 31 23 20 75 36 75 79 90 39 36 88 33 50 74 25 38 69 13 45 29 25 28 51 0 57 3 50 4 93 6 87 60 11 94 19 91 8 56 69 17 6 72 81 20 63 32 83 27 58 53 52 97 71 88 87 77 89 6 99 90 68
 51 89 58 90 43 27 87 75 34 7 79 4 42 66 37 63 45 32 93 3 29 27 71 45 93 97 55 76 89 74 46 28 31 49 78 100 8 34 23 93 41 65 2 34 33 84 93 77 64 19 8 22 32 48 21 23 98 45 97 31 45 31 70 12 49 97 21 39 15 28 83 43 21 16 46
 38 6 45 92 35 43 39 20 64 80 71 28 62 14 67 32 67 36 49 45 68 58 86 69 4 29 49 86 12 92 57 35 62 82 17 16 74 98 7 37 82 34 29 56 5 5 82 34 98 75 71 4 35 30 59 45 89 65 82 15 40 8 61 95 90 62 83 47 55 30 16 66 20 19 74
 5 49 63 80 88 85 44 37 35 77 67 83 37 5 84 1 13 8 48 92 90 49 52 2 26 65 69 8 25 75 61 39 81 92 44 39 44 49 97 73 3 53 69 86 94 69 7 35 18 64 0 20 98 18 93 67 92 49 73 36 72 42 72 4 28 70 64 21 54 54 98 23 90 54 94
 33 47 49 40 100 1 40 83 92 4 27 74 24 94 57 12 82 35 78 54 91 22 9 7 32 67 72 29 19 1 94 73 7 12 15 67 60 35 69 11 4 37 39 5 57 97 54 42 17 57 99 55 99 59 10 1 56 8 93 16 98 46 54 18 14 50 69 42 86 19 82 68 36 12 40
 9 22 11 86 84 51 39 66 21 31 26 21 20 87 43 54 89 45 37 32 99 20 39 44 95 93 73 8 99 2 73 15 62 15 21 40 60 55 55 70 37 21 62 75 30 80 95 52 22 12 94 90 77 0 71 56 15 93 30 5 21 19 36 52 22 11 4 18 98 18 82 0 92 76 5
 38 15 65 13 36 97 25 53 16 57 16 66 23 3 45 33 61 13 5 91 68 3 47 15 46 48 16 79 92 4 26 91 14 82 35 35 49 7 31 6 46 74 92 85 35 24 60 100 37 90 95 89 54 6 53 1 63 40 43 66 68 63 55 76 47 10 40 52 71 78 52 58 76 36 10
 82 70 92 31 10 34 14 72 72 50 21 5 43 2 36 15 39 76 21 51 46 89 52 26 37 92 56 24 39 88 51 85 65 2 61 41 67 30 81 31 95 50 25 39 53 53 50 12 95 61 64 9 62 29 88 30 49 6 97 77 17 81 15 39 78 13 6 96 71 53 86 22 14 85 51
 45 79 28 21 8 4 39 29 24 43 50 51 7 1 96 16 65 56 95 29 17 4 31 7 75 5 24 46 24 88 40 58 100 55 22 84 68 3 82 98 39 98 52 74 37 53 88 70 9 27 76 3 97 74 18 99 50 34 34 41 40 28 4 65 47 68 91 69 86 42 7 78 32 85 59
 71 92 17 88 32 15 39 90 91 84 25 62 31 100 87 57 53 60 4 0 47 7 67 95 67 46 14 36 66 44 24 93 61 68 87 85 84 18 56 42 98 98 73 16 50 25 19 58 44 16 89 64 96 50 5 72 30 30 57 44 57 89 15 35 44 42 86 3 91 27 13 25 46 99 31
 21 95 21 50 10 77 1 82 96 43 71 86 46 63 86 68 6 86 11 0 97 42 87 85 77 34 74 47 76 42 36 98 41 30 40 31 76 40 20 11 58 46 89 63 9 77 93 41 2 72 20 46 7 3 65 64 4 6 61 26 20 21 33 52 74 18 29 7 28 98 28 78 87 45 59
 78 20 53 27 77 49 70 39 41 36 87 38 35 14 19 16 9 58 97 41 15 42 96 91 28 53 93 94 93 64 35 57 44 1 96 6 3 94 24 18 53 44 4 76 94 48 66 72 56 66 39 100 4 77 55 95 28 41 26 74 88 25 34 87 90 8 97 84 6 96 93 25 60 84 67
 94 93 69 42 27 26 24 19 70 18 39 14 7 75 79 6 78 87 79 45 38 68 69 72 21 81 18 11 83 21 62 71 76 60 37 19 8 81 27 59 84 74 69 44 16 39 43 25 76 49 98 33 68 70 71 18 37 4 33 76 83 11 58 14 35 23 28 49 99 48 67 68 74 87 2
 95 12 78 40 23 54 55 85 94 25 74 75 54 2 26 45 2 13 29 47 52 22 26 78 40 23 84 97 18 76 22 27 40 16 68 19 45 15 97 79 32 76 82 39 69 14 74 87 51 57 92 21 98 59 28 85 4 8 10 79 97 47 87 39 3 38 73 0 42 75 68 74 5 7 29
 86 93 84 72 4 18 36 94 16 74 84 78 42 61 76 37 60 65 51 56 8 32 14 71 51 33 42 15 51 8 63 18 61 2 83 39 8 46 88 49 3 53 11 66 85 13 90 9 19 82 43 34 91 29 25 80 69 18 100 41 96 84 55 13 81 13 88 31 30 15 58 39 93 0 61
 34 59 84 76 69 8 24 99 65 54 20 5 36 44 18 61 73 98 37 26 50 28 65 87 91 16 3 36 83 81 29 93 59 79 86 14 47 26 6 12 18 94 7 75 60 27 26 38 49 55 53 88 40 41 74 73 5 71 32 98 70 17 90 34 80 41 100 13 27 50 78 75 61 22 87
 38 37 82 43 29 91 15 20 11 13 84 69 59 96 97 39 10 64 87 67 63 1 64 82 94 100 2 41 50 77 87 12 97 44 40 8 49 100 20 16 96 67 46 95 18 48 42 65 67 78 43 28 68 82 39 64 89 19 78 87 77 94 52 68 98 0 0 57 48 54 82 87 18 61 87
 39 20 53 5 35 59 83 24 34 53 25 13 50 84 75 72 93 48 100 20 100 3 10 30 82 62 65 85 52 45 98 38 59 29 24 84 0 83 69 67 54 70 72 50 89 67 71 47 62 94 10 94 98 19 79 42 18 28 31 90 74 53 98 50 75 3 4 89 67 76 59 0 51 92 44
 66 87 22 67 22 88 39 73 83 83 63 31 45 58 74 82 73 87 45 34 3 64 48 35 55 57 17 62 81 92 13 74 55 35 58 20 65 31 68 94 60 58 25 23 92 21 66 18 37 72 27 63 64 65 93 70 24 52 74 69 19 79 68 67 79 84 92 51 93 76 20 88 93 50 39
 88 44 93 2 37 26 18 100 51 70 18 50 36 25 61 41 96 98 24 73 69 19 52 45 59 74 50 89 78 100 97 30 19 44 89 20 52 2 5 35 38 4 57 9 90 5 6 19 73 59 17 29 86 40 23 4 86 40 33 22 26 26 83 78 75 16 37 58 63 85 46 50 100 81 39
 89 67 83 4 48 86 63 59 38 75 32 27 70 36 95 70 60 19 26 84 72 67 33 32 93 84 83 18 47 69 27 23 70 83 14 100 15 72 47 63 97 30 1 35 12 70 51 21 40 89 51 27 64 36 17 11 8 64 13 92 52 64 13 52 90 89 48 33 45 87 78 93 6 100 13
 44 58 88 48 16 90 82 57 60 62 24 78 64 42 95 94 19 51 30 15 98 100 60 16 63 7 10 55 21 99 49 41 30 26 64 0 6 43 32 66 62 14 84 8 54 75 24 57 4 17 34 40 51 44 63 37 6 70 62 75 62 38 70 40 12 1 86 38 17 33 88 42 71 65 44
 52 38 35 58 72 67 96 95 63 75 30 91 13 43 51 87 52 51 1 55 48 0 87 56 94 25 100 68 93 92 39 40 14 74 18 16 69 76 86 57 91 26 12 52 43 22 66 66 75 84 16 36 16 30 27 6 7 5 75 24 31 74 72 94 38 2 23 45 38 99 89 79 82 43 2
 56 91 14 88 2 62 91 21 54 89 42 53 27 28 86 84 98 88 62 98 20 70 85 89 93 3 100 23 88 71 1 26 75 14 0 81 45 35 17 73 74 97 3 39 9 10 26 28 23 94 87 59 16 32 97 16 27 0 34 27 32 80 52 83 49 20 7 0 45 18 42 19 87 64 87
 67 76 97 14 38 77 13 73 81 13 6 58 98 39 13 95 64 46 75 23 13 29 66 98 54 14 3 48 24 96 88 36 13 93 20 0 24 73 56 6 93 75 24 59 5 18 37 71 37 32 70 94 49 20 12 9 43 66 41 56 62 84 69 31 42 42 48 13 9 61 43 2 12 35 85
