95
 49 140 2 155 13 166 77 170 80 182 64 79 5 4 157 92 142 124 143 157 35 137 75 44 101 161 137 127 170 48 21 86 156 88 66 114 162 63 152 130 23 29 31 51 192 6 34 69 135 137 160 52 119 150 129 116 51 146 131 47 12 165 61 117 15 86 185 44 146 60 132 82 95 123 2 43 193 163 74 170 39 112 27 129 161 122 1 52 79 117 114 107 43 165 34
 118 104 122 149 105 130 53 169 29 56 55 89 7 69 11 173 77 143 63 70 7 125 110 101 179 146 94 160 105 79 85 136 84 58 169 105 3 166 159 106 49 89 112 121 155 92 46 28 19 147 132 192 187 78 197 53 199 62 9 125 135 103 159 12 51 171 140 34 122 196 77 49 172 188 101 189 89 3 148 98 1 94 182 120 52 134 170 4 98 51 58 90 11 182 63
 86 150 39 155 200 174 157 115 176 164 65 24 190 81 57 93 56 100 182 35 43 26 117 52 183 67 72 117 70 96 197 117 122 150 122 193 131 174 134 118 9 78 76 102 104 75 96 24 18 57 82 15 168 119 110 198 9 69 169 34 41 119 193 168 0 168 17 153 3 57 176 95 200 131 40 114 62 113 121 183 134 194 191 156 166 22 88 153 54 133 140 159 73 135 108
 103 28 16 141 188 24 62 25 197 121 96 25 69 107 47 190 160 167 84 4 10 168 189 53 23 150 172 51 118 180 200 38 138 77 157 21 37 151 73 73 18 83 136 10 162 105 165 101 120 150 148 62 59 66 45 164 159 1 18 172 51 68 173 71 83 57 165 14 93 78 162 123 62 25 137 43 134 177 158 121 158 166 184 142 150 182 145 110 18 16 53 79 138 158 148
 192 82 122 102 126 171 95 9 0 44 3 87 58 106 108 47 49 106 113 116 20 185 166 10 151 57 93 40 29 171 70 16 57 60 154 120 48 142 64 107 185 126 101 80 125 35 137 188 81 101 74 157 158 38 99 66 44 9 27 35 113 87 14 99 98 17 159 145 190 196 136 162 146 124 72 136 175 157 66 136 94 133 199 160 22 155 173 14 81 181 198 13 159 144 18
 53 71 93 36 46 149 48 51 39 33 117 160 91 178 51 59 4 41 15 22 187 191 139 95 121 126 21 97 117 76 53 122 91 93 152 85 84 160 154 90 145 50 43 37 81 138 176 119 70 141 156 43 173 170 137 111 91 150 28 75 23 115 116 128 38 110 18 56 52 160 34 49 47 185 90 193 15 118 56 178 61 144 44 177 188 174 177 170 103 21 52 148 78 183 139
 126 51 21 22 87 190 131 28 126 162 99 132 164 81 92 33 123 61 61 19 25 89 137 41 119 138 60 112 87 100 20 130 30 120 169 191 25 196 66 151 153 12 90 81 141 33 177 51 128 184 150 103 171 149 6 174 139 9 156 27 20 195 11 154 132 153 57 132 41 124 118 161 12 174 78 148 103 100 123 64 70 104 13 8 25 49 73 71 112 101 184 150 195 161 148
 148 141 133 30 137 138 198 176 192 106 100 128 127 151 173 166 179 48 162 145 42 193 6 115 79 24 81 6 148 77 180 127 74 25 114 28 146 139 145 86 16 81 98 20 98 119 191 31 35 20 32 151 2 3 159 126 13 83 160 165 159 0 21 119 148 149 49 185 47 80 61 138 90 35 34 131 50 40 0 79 149 134 188 62 103 50 173 28 50 167 63 143 51 192 46
 0 163 81 102 28 83 37 104 52 51 55 133 144 45 1 84 171 143 41 113 76 81 121 125 174 107 48 75 183 99 195 53 112 81 144 190 34 46 61 80 146 80 186 46 37 49 93 179 62 160 27 33 2 24 177 18 121 37 27 7 71 73 172 162 147 174 108 46 145 41 48 53 181 68 52 200 163 92 162 200 183 37 138 189 151 17 115 51 151 177 163 13 58 85 11
 134 43 80 161 103 184 128 111 63 52 137 89 53 159 128 12 24 169 68 110 104 117 193 71 124 152 180 9 104 161 22 32 186 38 188 164 38 133 48 134 8 140 111 163 85 184 194 161 17 74 19 32 86 23 136 200 37 130 42 56 170 31 97 7 61 197 113 160 147 97 52 140 193 181 6 181 9 146 130 85 87 126 1 142 71 99 166 145 117 151 183 95 140 89 112
 162 33 175 121 128 122 41 78 44 78 93 183 144 130 80 200 71 25 134 13 165 142 120 115 76 78 18 111 73 184 44 72 78 42 160 102 15 85 106 82 128 158 150 37 14 33 48 117 41 165 66 114 12 30 127 101 46 32 85 64 53 57 165 76 198 143 84 41 12 44 67 179 199 170 156 114 173 149 124 7 52 84 32 118 65 87 65 16 35 23 45 57 160 67 113
 7 172 163 99 40 70 158 93 143 39 186 0 23 111 101 104 196 17 191 181 54 17 13 149 139 151 64 98 127 68 120 168 115 190 22 133 53 90 194 183 62 111 50 146 112 71 25 121 16 125 40 4 177 2 43 191 187 176 76 76 122 82 97 132 50 27 105 144 27 134 51 134 58 131 99 126 13 187 192 120 129 21 147 42 122 99 115 52 88 42 191 61 158 185 28
 43 48 185 38 66 44 80 46 129 62 120 29 166 187 49 10 104 11 114 79 115 28 13 41 5 51 163 48 64 56 25 79 154 87 60 55 200 18 91 74 8 119 103 198 83 72 48 151 151 189 132 113 28 132 132 153 120 10 90 105 133 52 188 89 31 9 95 187 129 117 54 145 168 76 168 183 22 101 5 56 117 75 51 187 185 194 23 159 89 76 89 138 23 140 72
 113 8 194 183 13 115 117 134 81 173 199 30 199 69 132 36 162 36 104 56 27 149 14 24 167 15 164 7 148 82 131 61 156 167 10 36 187 187 62 142 108 66 177 19 139 37 144 121 73 54 113 102 39 4 115 120 125 160 197 56 31 104 32 68 192 40 96 10 196 11 14 64 200 121 124 57 194 184 47 6 17 92 188 137 110 119 198 24 49 149 146 33 120 136 71
 162 119 142 65 55 185 79 90 196 110 42 87 22 123 90 115 119 30 81 18 88 169 15 161 35 129 121 27 15 126 141 186 65 122 26 1 78 157 60 2 92 145 36 101 144 115 131 84 6 59 178 189 55 45 16 51 82 117 24 128 59 177 54 58 170 140 194 51 97 1 183 6 158 87 121 175 20 154 128 174 48 56 71 65 154 111 140 85 125 54 200 43 189 24 23
 140 64 147 118 197 172 45 153 99 114 59 197 106 116 76 34 127 121 64 144 181 153 34 142 59 70 1 81 193 116 138 147 185 134 184 82 66 99 83 106 152 26 173 91 124 45 178 176 169 16 11 55 78 57 163 148 36 155 181 170 23 112 2 8 107 131 2 167 14 105 139 185 88 156 77 142 118 12 22 26 140 191 69 103 46 15 152 59 109 136 130 102 168 162 122
 31 109 54 28 67 16 101 192 15 86 42 2 73 66 108 179 74 145 80 37 93 152 128 8 177 143 145 119 166 26 83 164 3 70 11 141 59 129 146 54 47 34 60 166 78 153 66 92 135 132 200 182 73 42 49 160 1 120 127 152 50 96 200 87 149 192 141 63 112 5 25 157 179 126 197 115 155 125 14 113 111 35 94 55 3 98 111 193 83 68 172 163 70 116 68
 195 153 19 15 144 138 69 84 135 131 21 79 195 61 118 198 8 139 188 169 160 22 147 18 178 2 175 56 139 75 101 141 182 176 50 156 38 64 103 30 9 30 178 113 104 182 110 70 47 52 5 152 19 49 94 85 94 177 54 11 54 64 112 181 92 51 161 77 170 28 6 181 45 162 84 126 11 84 20 59 18 166 168 183 40 188 84 132 97 145 156 167 19 61 186
 22 188 59 144 106 105 190 151 178 80 191 179 36 5 100 192 27 159 138 121 90 129 19 169 80 166 160 37 31 134 142 120 198 137 157 173 25 142 83 119 132 4 90 29 115 39 38 159 42 123 31 20 109 86 57 93 176 31 134 2 146 114 122 178 196 51 176 54 169 61 10 132 171 14 71 152 61 161 10 86 163 182 156 6 8 187 90 57 158 191 56 187 147 112 64
 163 96 142 89 164 135 157 186 46 67 171 25 81 19 30 185 140 130 117 4 168 64 49 84 152 154 186 162 38 15 122 83 93 132 138 126 3 58 137 106 119 42 11 139 44 90 35 175 107 23 119 105 45 126 22 128 145 139 136 23 191 8 69 53 27 58 44 49 41 19 100 138 127 32 9 106 190 168 86 190 198 116 77 75 45 32 108 126 154 25 194 147 9 116 158
 159 75 48 190 111 48 173 100 55 184 193 8 18 69 61 95 38 74 188 198 44 154 47 13 147 27 71 119 154 113 50 120 11 196 30 139 47 84 54 152 18 197 197 58 126 194 65 164 16 104 57 28 177 199 101 35 173 176 37 157 107 103 67 76 161 35 194 21 43 0 194 187 155 30 34 67 159 153 86 122 43 48 59 77 66 6 124 132 50 80 157 175 73 75 69
 9 171 176 197 5 188 180 152 13 116 93 23 70 159 139 98 183 104 93 176 143 57 167 46 76 72 176 141 71 88 176 44 185 187 52 185 185 37 135 128 81 19 79 97 176 73 16 14 191 152 169 189 35 178 6 78 125 161 169 142 72 176 131 99 84 147 76 107 76 190 107 158 135 151 178 18 122 119 59 132 145 69 170 103 22 77 133 157 89 149 154 169 125 40 144
 55 61 34 153 70 198 169 113 135 32 101 111 15 18 12 91 92 56 99 104 3 59 100 125 41 146 171 173 123 161 13 40 97 4 187 125 185 172 27 192 193 119 97 186 196 155 79 195 34 121 100 22 52 9 137 55 121 115 112 13 174 109 39 125 75 39 100 86 101 166 99 181 156 130 95 179 124 3 127 109 157 135 50 95 116 160 59 126 189 113 170 22 112 125 115
 158 146 181 21 35 158 180 2 61 125 114 63 167 112 19 107 93 77 114 180 164 9 50 10 72 56 140 110 160 116 142 187 64 47 63 179 6 38 186 69 119 194 35 190 156 197 5 14 189 96 103 162 122 93 173 102 157 5 67 102 96 155 157 13 3 141 182 81 35 74 59 16 140 68 132 81 184 34 47 21 130 44 63 168 115 36 104 122 20 161 51 37 139 157 113
 80 48 15 61 175 179 159 156 187 74 64 160 35 85 49 146 19 40 45 49 91 118 11 199 132 83 99 18 195 123 169 26 129 87 140 139 111 95 134 167 13 144 84 176 126 140 144 170 64 6 4 44 73 69 57 99 180 49 82 104 23 17 32 197 188 70 1 134 82 105 20 157 65 124 35 199 77 62 123 131 169 136 109 4 14 158 148 28 165 70 199 196 152 21 95
 156 82 142 200 20 38 151 106 126 99 197 107 51 79 116 19 198 137 95 30 63 77 139 103 183 20 116 141 51 3 101 22 152 48 94 96 68 115 96 186 119 10 186 49 189 75 140 138 43 121 123 197 23 92 3 142 144 144 142 132 138 142 8 125 170 197 125 87 158 151 13 17 125 26 64 147 61 198 57 155 113 192 92 131 38 173 135 56 134 62 36 187 40 0 108
 155 101 55 166 131 184 68 188 142 171 176 128 143 6 40 80 70 8 87 95 111 147 54 17 158 13 164 12 160 171 74 124 100 185 59 161 99 46 89 83 48 91 102 76 36 95 128 38 34 7 147 120 117 50 126 164 191 196 63 178 59 170 37 7 82 35 118 88 72 107 48 30 63 159 15 68 103 18 104 180 61 186 3 173 148 18 149 171 116 133 96 4 185 151 132
 39 143 192 182 40 61 69 110 83 97 32 72 28 78 168 169 56 98 73 3 71 114 141 82 16 17 34 181 57 187 104 69 113 82 195 61 164 8 179 41 151 65 92 193 160 11 129 187 109 163 130 154 24 158 52 54 195 131 181 153 42 199 51 67 38 110 99 69 187 166 118 74 77 94 98 183 91 34 49 36 155 153 143 159 92 74 151 34 78 125 79 192 88 45 19
 75 151 84 80 75 169 124 190 136 158 169 176 24 134 63 100 91 10 134 5 51 27 45 137 14 173 104 60 19 107 7 167 68 80 116 145 135 128 45 119 84 21 104 95 15 50 184 53 31 119 52 106 85 37 145 37 187 195 22 125 4 188 108 4 22 165 93 189 163 134 184 100 190 90 94 183 175 131 181 20 63 39 100 191 180 175 166 34 74 86 191 123 172 47 26
 68 129 101 109 78 107 95 19 112 29 82 170 80 31 10 59 48 148 130 51 115 39 25 95 136 84 146 197 74 115 68 78 191 25 26 18 133 76 60 50 151 21 80 174 199 46 134 163 197 146 37 48 198 13 89 181 184 93 129 91 112 25 187 45 145 141 97 187 156 76 160 190 19 136 179 19 151 104 104 147 144 129 175 127 5 119 162 132 141 181 124 70 85 17 8
 148 50 163 0 144 26 48 17 84 129 100 112 130 135 22 82 116 167 94 36 65 81 22 58 94 32 95 164 76 97 182 34 51 26 148 190 155 189 19 163 175 115 184 101 129 131 45 82 164 33 157 94 120 6 93 64 187 7 90 136 192 94 107 139 74 82 159 102 66 111 28 3 23 54 24 75 65 156 59 180 99 20 54 189 145 70 149 185 27 98 189 167 28 76 64
 92 96 187 11 17 184 95 24 54 146 131 145 161 77 42 97 144 55 110 11 102 133 130 47 184 21 122 5 24 143 89 82 173 186 38 80 74 24 34 8 55 141 49 136 7 150 56 0 134 3 100 129 181 175 40 27 133 114 17 170 152 74 78 10 110 198 123 35 145 175 170 154 110 93 28 62 183 196 55 167 33 166 87 35 147 120 46 73 190 68 113 198 43 199 192
 130 25 2 11 12 5 18 195 182 93 38 4 63 180 19 105 176 126 9 96 76 198 195 61 0 145 28 181 60 181 23 68 4 68 189 199 64 117 37 110 184 60 145 132 133 0 27 157 91 2 145 103 38 28 125 67 176 18 141 39 180 145 196 113 30 71 200 72 190 96 184 6 193 47 79 139 51 127 108 142 175 14 152 147 46 140 165 20 36 82 36 97 80 66 43
 178 111 84 22 86 155 169 13 182 11 168 1 141 173 127 188 66 114 30 151 14 180 55 153 180 76 76 190 189 189 89 119 180 178 106 91 195 82 0 43 80 111 89 13 63 191 122 190 161 192 96 90 188 99 68 141 21 175 29 116 59 61 119 55 149 29 165 30 146 99 7 98 139 87 116 23 159 96 25 30 91 120 119 90 135 13 199 37 44 129 110 138 129 0 46
 83 19 85 117 139 24 147 154 34 84 65 73 127 137 174 15 75 120 63 16 173 73 127 154 169 126 191 49 98 60 176 109 170 12 9 37 123 182 44 149 76 191 26 36 47 163 171 147 11 151 81 160 140 13 6 144 199 108 183 115 26 192 52 135 122 106 156 167 95 163 129 82 196 196 136 77 74 133 80 127 45 168 142 128 42 109 181 150 111 76 144 156 33 161 73
 20 27 40 78 10 35 28 75 171 7 191 144 9 174 101 4 62 36 9 24 3 70 152 155 132 171 50 141 77 123 30 10 103 44 193 21 155 48 34 109 103 153 186 112 76 84 48 113 66 182 145 43 5 160 79 139 18 14 52 174 132 107 123 22 93 64 6 117 26 108 143 22 58 110 181 101 19 48 170 101 78 35 62 22 35 160 118 127 16 36 165 195 116 8 34
 176 102 114 21 139 73 35 71 131 19 151 79 83 28 147 175 139 20 145 157 16 125 50 199 122 58 119 29 94 18 190 166 89 23 178 89 66 51 11 174 90 101 133 8 162 22 77 0 5 118 10 193 72 169 35 168 116 185 175 77 1 93 141 199 67 53 93 69 187 18 151 155 48 54 135 8 21 81 142 122 16 2 159 116 30 171 103 12 166 30 76 115 139 0 107
 152 46 46 162 156 45 152 165 9 9 73 35 79 152 23 87 25 88 3 45 81 191 42 1 33 78 145 176 190 110 131 104 32 140 2 37 85 172 163 176 43 132 134 163 188 49 67 120 173 71 44 41 120 191 151 170 68 70 1 40 26 176 65 185 46 98 145 6 133 5 6 176 49 119 98 156 29 3 188 107 20 40 4 46 134 189 55 58 145 86 73 49 132 29 38
 186 139 172 145 131 64 156 84 62 40 193 166 122 151 153 123 97 2 54 98 85 175 38 134 189 47 188 43 165 108 184 44 144 173 140 88 5 32 40 136 7 68 134 64 163 114 81 173 199 45 200 33 139 103 173 177 91 28 195 4 112 143 165 93 143 139 67 121 6 124 148 188 52 26 46 56 60 17 152 144 143 112 79 159 16 108 178 121 185 61 70 140 149 140 166
 143 137 182 104 87 16 113 93 145 156 28 17 96 93 20 154 138 113 113 52 69 46 7 105 95 173 191 174 93 26 52 188 80 170 31 9 52 136 72 117 0 197 8 138 134 124 178 13 61 0 69 17 6 160 65 52 92 192 23 30 168 160 132 84 93 153 196 189 60 192 120 194 154 13 93 38 163 8 173 15 16 11 8 112 96 153 191 31 79 102 180 174 17 114 36
 16 14 104 58 196 138 7 45 174 172 75 111 65 102 86 30 186 66 134 161 146 28 183 36 118 109 50 102 51 74 142 136 34 134 96 69 165 81 84 185 139 158 9 150 52 118 200 162 62 68 6 9 110 20 52 95 94 120 155 118 74 162 38 6 156 169 67 163 19 76 199 6 109 173 118 180 157 153 157 132 143 181 122 51 145 45 44 156 55 154 4 197 151 162 187
 11 81 21 151 57 157 85 159 106 70 140 155 170 158 161 80 65 168 32 98 146 92 122 157 63 24 109 147 124 21 96 68 103 143 148 198 173 135 26 181 22 36 181 129 200 151 79 141 123 40 133 106 32 140 34 59 123 6 109 36 110 182 25 54 168 111 180 126 148 163 137 128 24 100 197 100 143 118 142 56 155 46 193 79 15 17 123 196 141 80 140 69 28 48 6
 8 34 119 3 125 153 30 148 94 122 145 54 72 53 53 147 25 109 24 182 161 164 61 7 78 96 188 160 174 3 23 70 22 16 81 8 156 50 137 127 35 44 15 96 141 47 67 105 172 142 15 192 46 117 131 113 51 107 196 191 72 144 154 165 93 118 7 123 158 51 84 107 18 82 76 40 39 0 53 146 197 87 170 89 24 36 154 72 131 80 132 181 151 177 116
 99 106 105 100 65 4 39 4 153 12 87 76 186 179 174 2 177 191 51 82 20 177 73 60 9 164 37 195 70 8 183 49 106 155 184 52 186 105 135 40 197 58 28 171 1 1 24 33 113 47 40 159 171 102 36 26 200 72 45 118 80 47 166 85 200 19 50 127 124 100 186 180 31 130 64 155 64 143 175 16 25 43 185 25 143 19 159 134 195 169 178 2 192 39 184
 64 21 38 178 115 110 112 156 14 169 199 137 95 61 195 98 54 126 198 71 190 199 71 188 169 189 127 168 62 65 1 162 88 52 75 38 190 9 45 106 49 105 18 16 25 182 28 186 32 57 189 184 2 18 71 48 108 169 97 57 29 159 26 105 60 140 19 43 186 36 16 72 62 129 137 129 160 77 126 113 76 22 137 170 13 125 100 185 95 65 19 14 84 186 169
 86 94 151 98 140 111 151 110 190 107 57 162 52 86 148 54 29 59 180 105 81 133 93 28 49 54 100 88 92 66 157 82 115 111 31 158 172 107 62 49 33 177 148 139 68 56 173 150 160 45 92 184 109 169 38 101 142 100 36 21 181 140 124 12 180 30 0 80 152 133 75 87 88 38 50 50 31 158 195 146 187 102 61 118 194 158 3 108 167 25 193 185 58 146 100
 35 28 188 118 135 69 104 168 46 26 10 23 171 24 139 58 183 105 66 199 129 6 90 114 180 5 193 147 197 54 111 194 56 29 95 29 44 150 199 135 150 116 85 28 200 44 3 99 123 68 82 176 152 42 6 66 73 200 132 29 39 61 125 184 49 192 84 200 120 163 71 101 184 108 30 124 134 55 78 78 133 69 73 149 198 80 118 67 130 162 155 15 128 124 187
 98 169 176 41 101 1 175 184 188 52 151 196 84 3 54 80 119 25 173 143 95 62 0 42 163 104 179 18 131 110 102 58 169 157 62 51 14 21 188 107 135 1 14 102 120 83 101 177 116 38 84 92 84 69 80 19 132 179 103 113 144 84 124 5 127 148 153 184 91 175 136 181 64 140 94 27 160 130 72 105 131 36 198 61 14 172 29 147 161 30 79 195 138 99 93
 140 2 184 96 107 120 143 74 92 65 31 21 74 134 45 138 163 3 7 178 60 123 28 116 137 188 79 192 133 12 136 40 47 133 197 73 147 29 64 93 1 147 144 146 150 30 80 189 22 164 118 114 94 7 70 17 56 104 107 91 5 196 77 118 103 199 115 44 86 60 179 21 87 46 28 46 100 116 165 137 126 112 136 151 161 72 109 27 92 184 156 168 42 1 4
 123 10 122 178 157 108 30 77 14 59 65 143 45 150 72 143 51 3 51 170 31 85 126 166 122 40 2 200 110 119 130 157 128 10 46 71 96 17 164 199 107 118 170 152 62 99 34 7 45 87 66 32 175 88 134 152 11 188 138 18 108 82 27 30 80 143 108 192 106 134 155 68 167 192 51 139 137 10 97 181 87 33 65 47 13 196 39 115 133 134 5 125 149 47 156
 67 8 0 15 67 171 27 130 189 155 131 61 44 112 90 39 99 4 59 143 92 181 19 68 99 127 57 148 181 37 196 195 106 172 0 64 108 25 10 64 18 190 171 83 21 39 168 177 168 150 165 178 180 50 69 81 34 83 13 83 27 105 62 56 161 112 123 189 189 32 199 31 131 181 22 57 161 19 111 159 101 191 188 144 58 135 18 50 178 158 148 137 164 23 10
 53 7 63 61 130 125 81 185 69 40 124 157 70 60 115 106 133 111 72 24 126 80 169 170 178 47 87 44 175 120 153 192 58 180 54 33 20 9 92 195 180 90 136 149 63 71 51 40 93 167 147 2 18 51 57 149 74 62 74 125 67 40 173 107 197 32 0 140 158 134 75 18 110 111 23 173 119 102 110 97 2 80 68 154 165 77 63 103 29 73 39 3 4 146 145
 13 65 163 71 104 90 51 104 111 15 118 71 66 6 17 51 193 186 110 159 45 97 167 65 137 93 197 121 68 151 34 29 49 27 98 183 192 120 46 87 69 18 146 88 72 75 59 162 114 70 3 18 191 175 13 104 47 171 56 137 91 57 193 61 173 117 189 58 70 145 24 137 67 180 192 197 130 20 29 69 195 200 11 79 154 9 68 20 78 11 135 40 124 83 44
 185 73 50 104 30 51 84 140 192 19 67 0 91 3 172 30 124 132 21 73 43 130 38 181 112 53 64 186 166 116 119 94 70 192 145 110 43 54 132 22 137 103 159 59 116 23 135 14 163 94 71 172 78 148 25 57 157 199 1 83 154 23 143 6 66 15 51 18 24 102 154 162 22 118 111 64 89 59 152 73 89 173 38 120 17 186 126 162 51 155 8 95 5 45 126
 86 172 8 63 149 165 64 126 122 72 150 125 134 125 1 50 3 50 125 2 34 165 132 23 181 113 32 184 143 12 66 119 89 97 66 104 54 88 106 8 114 3 6 2 183 40 57 160 139 85 161 16 61 113 187 83 175 197 125 159 121 7 5 44 51 18 183 92 93 182 138 116 107 86 162 140 198 133 64 59 53 148 138 59 143 18 105 31 53 34 11 54 28 149 92
 90 146 5 191 34 142 185 122 46 16 51 5 149 63 175 86 80 98 32 103 24 116 145 76 171 177 78 46 98 197 89 160 159 136 35 199 82 12 134 96 193 121 21 29 89 16 184 16 176 68 82 103 171 185 129 111 68 67 60 122 190 75 52 95 12 79 165 155 26 137 147 75 51 110 3 79 188 107 46 60 98 38 185 79 60 178 160 179 39 136 170 127 106 71 115
 186 45 49 195 30 10 30 98 28 162 200 21 159 143 63 191 143 179 31 193 54 170 46 51 137 114 161 55 66 129 106 109 47 132 78 66 152 181 101 173 93 24 99 145 40 91 111 170 41 188 117 0 17 141 126 46 184 19 80 180 176 111 115 122 120 17 123 149 173 48 81 181 12 103 1 146 101 159 41 27 34 129 3 128 134 93 37 24 2 116 177 49 130 114 9
 3 199 153 59 189 101 190 17 78 0 63 187 123 118 171 132 174 11 197 101 178 39 138 108 159 40 63 178 5 134 151 165 120 73 25 135 158 54 185 30 112 50 101 43 108 179 158 12 2 164 179 134 106 86 132 20 79 7 118 28 177 167 128 119 108 35 153 42 89 196 118 172 155 79 59 186 112 150 0 151 182 139 141 32 58 2 85 150 50 168 27 20 199 193 107
 23 77 113 116 63 193 108 53 84 124 177 178 53 176 26 140 7 130 122 172 43 64 38 169 26 192 172 48 25 126 149 120 12 180 27 106 75 122 25 63 41 82 157 92 8 188 169 189 176 156 28 166 152 64 103 104 115 141 119 129 0 196 87 48 63 56 22 142 69 177 161 166 99 186 2 38 138 113 94 193 72 146 106 132 81 136 120 175 108 26 107 72 160 147 108
 60 64 171 163 14 161 90 126 116 193 190 69 155 192 154 8 64 107 170 123 134 84 122 143 130 129 155 34 184 10 147 124 114 104 180 33 164 14 51 41 143 91 118 94 98 18 53 112 1 141 14 137 134 101 47 130 51 120 87 84 176 79 183 4 125 155 102 44 181 114 90 41 109 156 101 63 117 79 6 186 26 99 126 179 175 127 30 176 177 123 174 29 125 36 19
 90 24 146 176 166 99 21 78 48 186 183 128 137 155 56 144 65 22 32 163 25 100 90 53 123 94 124 56 6 176 4 58 71 136 11 183 30 93 174 117 96 133 137 188 119 188 136 118 152 102 115 11 126 58 130 101 7 37 124 72 44 121 76 103 88 45 51 56 189 184 109 127 178 172 174 16 13 54 65 74 178 26 54 95 62 66 175 64 84 189 121 28 127 96 55
 129 173 163 53 173 2 143 77 93 164 128 33 14 55 56 58 28 4 164 80 163 91 192 179 44 48 177 14 101 16 5 192 198 163 135 173 165 143 167 136 115 137 109 70 65 178 136 81 0 58 62 27 154 177 131 157 17 157 119 5 87 153 164 64 79 196 131 125 83 167 154 122 185 105 147 193 178 182 137 151 177 78 155 13 23 139 57 96 128 38 89 12 49 199 46
 186 148 25 8 133 78 92 48 120 158 175 188 78 118 75 99 139 101 12 54 5 11 51 52 25 53 129 91 83 110 75 150 25 113 151 35 82 66 97 18 148 101 136 96 83 126 183 101 51 126 168 149 55 19 4 157 197 122 100 196 133 149 192 24 158 69 74 115 137 149 51 84 5 102 54 58 90 21 23 154 76 106 73 0 39 102 44 81 197 32 22 163 189 168 97
 47 113 110 45 191 47 108 100 24 21 33 106 14 167 137 84 91 53 45 102 16 11 64 61 22 106 75 166 33 91 138 181 87 145 8 136 190 56 109 125 195 96 55 175 45 64 100 162 152 81 128 139 182 107 47 71 26 15 30 191 48 195 27 146 49 162 187 151 95 167 107 190 45 52 31 12 188 97 34 34 82 72 85 61 145 19 72 89 20 126 10 46 42 62 68
 8 153 168 138 140 9 170 150 56 119 170 148 67 172 143 133 86 31 119 71 157 177 28 194 90 40 52 173 124 143 180 78 138 95 39 99 2 140 98 156 61 7 45 74 160 145 69 105 101 185 78 100 101 56 126 142 43 15 117 137 45 40 17 186 131 108 13 41 113 179 169 40 34 94 70 119 124 5 160 173 81 116 53 187 35 168 156 111 190 55 193 124 22 131 178
 2 0 16 186 101 152 4 64 51 161 160 16 130 41 32 81 160 183 200 45 143 62 48 91 130 51 85 35 184 54 4 195 192 96 82 54 125 144 124 161 16 34 148 26 72 27 34 140 48 118 135 118 128 109 42 190 89 79 135 41 35 21 101 139 103 50 16 165 124 15 33 103 163 32 44 167 28 56 97 143 105 14 126 196 171 154 95 155 56 179 18 171 112 116 182
 165 39 90 82 43 96 72 43 83 58 189 70 25 42 125 162 41 74 18 46 153 149 170 149 104 89 162 81 34 103 181 77 41 194 118 144 114 36 22 44 183 59 172 28 35 30 140 101 174 60 135 170 99 14 108 40 195 61 0 176 43 31 45 128 44 91 158 163 21 173 91 103 173 171 92 163 106 186 92 138 41 180 111 155 120 74 185 32 17 98 81 80 176 160 15
 186 82 109 72 138 94 130 76 115 115 46 11 43 178 0 100 41 73 90 170 38 166 54 53 93 30 189 20 199 4 147 53 187 94 51 145 130 189 145 86 125 72 160 79 167 199 95 155 58 28 52 185 88 55 28 169 26 19 61 172 13 121 12 145 169 7 151 176 120 166 185 97 169 33 114 162 169 69 32 177 140 29 112 80 105 45 178 185 48 48 146 177 43 158 75
 147 47 36 49 194 67 38 41 20 76 128 67 125 38 200 173 186 85 117 117 21 89 162 52 181 157 60 92 30 81 75 31 29 139 97 187 2 95 22 199 28 52 110 169 66 21 159 188 73 8 4 197 129 154 16 163 110 104 166 48 113 23 82 72 7 22 22 35 96 59 161 162 39 125 156 60 122 15 57 182 85 196 86 91 7 164 127 83 24 143 114 188 6 190 115
 113 24 84 84 53 18 17 58 2 199 59 89 181 93 89 64 121 128 94 37 163 108 141 175 173 157 38 167 158 150 52 99 194 142 0 103 95 43 138 144 94 135 159 129 22 71 88 12 16 26 135 116 21 165 80 35 126 70 191 178 163 200 23 33 170 62 15 2 100 8 7 118 182 200 5 120 160 190 132 118 45 178 30 136 95 27 116 61 148 57 12 130 94 171 13
 19 83 92 60 133 35 92 157 169 158 82 76 141 42 88 172 80 79 0 28 21 14 55 131 149 184 171 184 150 135 32 103 41 181 108 113 7 80 171 197 46 20 168 110 127 60 171 87 175 130 162 179 134 103 71 77 162 88 180 4 160 19 63 182 136 96 48 116 1 25 78 177 93 142 46 16 60 85 83 134 40 198 50 146 100 109 176 128 76 60 177 197 127 93 113
 117 165 175 128 55 164 104 96 199 131 83 154 29 96 6 119 137 75 134 122 105 117 193 198 198 197 174 42 67 190 81 22 119 135 21 49 188 0 39 95 173 171 200 7 117 190 25 60 84 169 156 11 143 159 114 65 17 55 168 37 47 196 139 189 148 128 104 62 170 55 140 0 3 185 7 134 198 47 9 62 132 93 169 174 148 94 111 54 117 70 141 88 147 107 42
 186 8 121 94 163 3 161 125 73 74 183 81 134 6 65 115 150 115 58 168 69 6 153 134 133 124 84 168 36 153 114 81 46 166 128 6 93 176 117 163 97 93 8 99 50 197 188 100 124 92 132 114 198 156 133 192 43 172 37 136 35 136 43 20 43 149 170 143 170 11 66 31 72 191 8 148 62 104 102 171 43 200 5 149 180 180 54 58 27 9 177 182 59 129 35
 133 139 192 96 45 8 100 55 89 66 72 31 120 89 10 149 53 118 116 133 144 106 57 129 89 63 108 190 38 198 142 20 121 41 91 146 18 78 104 6 34 66 41 72 100 58 35 158 4 173 22 26 190 41 88 38 115 190 1 159 76 177 21 121 36 196 108 43 174 167 66 62 197 44 150 160 19 151 52 33 55 66 69 120 91 55 193 35 114 43 62 140 151 131 164
 69 6 195 197 99 136 37 80 148 130 28 62 89 165 123 58 198 162 88 109 92 195 5 106 82 179 97 17 183 199 64 79 151 94 167 101 94 124 31 53 15 4 133 114 6 28 184 103 83 15 184 22 123 79 68 10 105 16 73 38 52 155 17 43 22 152 74 157 173 187 27 22 170 102 86 77 127 130 127 57 192 150 156 181 108 67 160 166 170 2 29 150 158 136 77
 200 126 164 81 161 62 88 38 52 147 11 57 145 19 159 133 67 173 66 159 160 43 2 168 19 186 94 147 54 148 48 151 44 77 199 32 61 53 140 147 126 76 146 136 156 65 90 174 80 65 24 124 43 108 190 182 111 59 7 60 31 187 3 149 140 129 35 125 32 156 44 187 76 100 154 194 33 88 36 176 168 79 90 56 166 32 54 112 183 92 120 56 34 170 156
 21 173 28 118 7 49 74 183 40 21 57 196 62 88 112 89 100 111 68 120 64 124 36 7 45 66 143 129 32 180 74 144 143 54 4 184 52 118 124 76 39 124 45 49 73 38 78 101 63 163 107 38 12 83 198 68 112 178 65 41 90 109 37 4 73 31 128 82 56 118 22 114 36 85 113 134 161 48 102 54 101 8 179 137 160 146 162 185 28 138 40 150 53 138 23
 50 140 156 15 158 1 173 160 103 52 74 56 37 46 105 156 47 143 0 14 78 95 55 53 151 42 162 77 32 48 86 2 198 150 72 79 39 102 68 23 90 198 151 164 46 39 90 57 139 44 126 24 87 146 94 78 85 103 23 27 16 200 120 8 59 187 19 95 189 198 5 108 123 80 83 129 13 26 95 0 49 120 165 11 70 151 44 25 102 135 180 181 75 143 34
 75 90 6 97 114 152 136 69 100 143 96 35 179 94 172 48 20 129 173 85 138 170 72 126 28 44 19 137 10 193 165 15 96 146 157 194 149 135 7 1 192 126 196 180 74 111 138 25 2 119 94 37 53 10 79 129 15 58 187 91 117 55 33 23 155 158 55 54 116 37 163 162 115 5 167 184 22 108 6 46 93 119 76 192 21 177 108 88 190 178 83 0 102 120 46
 188 146 155 186 180 197 166 180 177 88 43 51 183 75 184 196 126 153 45 79 129 73 73 144 93 109 34 125 32 139 28 86 21 33 27 140 37 23 195 9 21 69 169 134 41 168 51 122 4 194 4 146 16 183 20 129 169 182 13 148 36 200 165 47 184 94 141 24 63 60 91 175 119 117 175 86 176 39 156 179 10 17 67 68 11 5 105 131 36 29 24 83 179 5 89
 196 159 185 160 174 144 194 84 7 117 159 63 15 151 86 28 34 17 116 139 135 161 77 63 147 108 174 68 168 109 138 74 42 25 93 182 189 137 40 179 7 8 73 80 75 168 73 110 177 70 97 157 69 25 5 159 124 100 76 183 139 100 98 48 122 189 160 18 141 64 84 73 142 151 117 188 2 47 116 91 86 33 112 18 151 90 90 71 187 159 95 12 120 80 76
 177 31 36 119 107 79 15 124 125 48 73 115 20 104 90 37 87 191 169 200 21 20 62 97 176 43 90 93 182 118 67 146 150 48 141 145 108 61 54 160 29 56 132 95 84 55 84 68 116 142 83 102 134 46 166 112 152 96 197 137 67 86 38 77 23 110 164 142 6 125 174 22 192 51 91 108 39 155 31 100 64 33 72 53 58 142 96 8 101 74 70 16 13 91 83
 71 167 177 85 89 158 163 109 81 87 171 13 62 165 83 79 61 79 133 128 20 63 118 0 16 71 150 115 15 17 121 177 88 61 194 139 155 176 178 83 2 54 12 161 163 130 152 117 106 180 64 188 115 25 154 109 151 190 105 135 43 129 6 86 63 191 127 34 10 123 120 43 133 153 108 49 85 31 136 178 4 147 44 183 192 168 7 89 189 164 153 118 139 92 160
 50 200 131 113 53 35 176 33 67 141 171 30 41 47 89 84 112 186 144 147 63 176 133 101 7 67 77 11 50 34 7 23 126 54 91 73 4 86 190 150 87 191 101 90 36 8 3 102 160 106 59 119 167 140 54 193 7 171 20 50 153 98 127 17 23 16 11 33 190 149 199 192 166 198 131 174 0 88 76 141 190 48 71 140 1 105 167 27 73 190 185 61 120 36 63
 13 9 121 82 32 6 132 137 130 54 42 80 162 143 41 196 162 128 134 93 165 50 183 90 169 163 65 95 180 115 153 7 107 70 178 131 128 41 161 91 145 64 174 35 124 193 15 35 50 162 158 130 34 65 23 180 173 121 54 181 42 184 158 13 52 1 186 191 195 18 90 96 192 156 173 125 93 106 6 175 122 156 29 165 113 94 113 199 81 77 177 146 9 157 149
 176 32 25 44 31 178 28 88 133 192 94 76 98 107 158 18 198 32 155 10 194 103 153 155 84 128 157 169 39 31 134 182 7 26 197 59 79 180 156 24 125 160 64 88 90 72 165 134 35 187 47 20 144 104 0 103 42 86 100 114 95 128 109 130 121 108 102 119 11 36 85 177 135 110 16 38 157 3 81 110 52 23 151 181 41 152 15 128 109 180 42 21 15 168 37
 44 170 119 105 4 4 170 116 183 11 77 152 43 74 11 70 158 82 43 125 83 10 121 46 119 78 176 26 197 31 13 112 5 83 90 187 114 143 126 145 191 168 33 128 165 195 88 128 78 134 139 62 35 51 43 75 200 90 199 162 112 87 157 28 184 149 97 19 107 145 90 6 133 22 24 70 48 69 25 111 126 2 180 86 145 54 176 149 29 124 117 198 134 8 113
 171 123 16 73 78 116 180 63 93 96 10 56 43 42 6 157 85 41 3 142 195 57 80 124 41 88 124 34 61 193 130 111 116 51 15 78 90 89 5 152 101 4 112 188 200 47 27 154 45 140 17 85 134 19 77 176 155 21 100 106 103 198 113 102 148 41 174 47 156 116 153 84 43 105 197 6 60 24 168 99 2 9 73 194 176 45 82 108 167 6 31 181 76 48 160
 165 141 141 153 9 49 49 19 85 166 10 162 28 44 40 124 168 104 33 14 64 5 124 155 171 171 68 99 40 141 131 97 77 39 120 23 39 123 80 30 27 125 180 116 118 124 34 93 177 123 136 193 55 42 4 136 150 178 166 63 43 156 79 1 110 118 127 154 5 98 180 122 56 18 63 121 127 27 93 30 191 8 77 73 155 145 156 155 164 47 129 66 104 70 96
 171 81 165 61 106 157 145 161 24 126 141 102 9 131 55 130 20 67 183 26 194 150 97 41 134 30 167 196 71 165 160 166 72 34 73 175 110 30 147 2 151 114 38 132 31 163 186 179 89 17 200 184 172 139 38 164 64 88 20 91 153 88 24 18 102 85 194 196 152 127 73 129 8 69 22 19 165 72 156 177 71 132 82 0 125 132 87 36 98 31 129 142 111 12 134
 70 54 90 123 69 168 180 33 21 30 170 75 122 30 70 43 108 118 129 70 122 198 61 195 130 49 179 153 48 114 141 170 145 80 162 38 61 162 103 52 153 1 121 22 109 117 139 126 27 74 193 76 109 101 44 171 45 47 68 105 39 69 197 135 144 197 9 103 166 12 68 0 106 175 104 145 164 40 178 79 146 61 52 179 60 15 100 158 139 36 138 89 81 114 167
 142 46 113 108 16 184 76 6 130 156 28 55 179 64 59 121 147 169 140 70 45 153 170 132 144 66 15 125 104 159 47 192 48 77 143 105 89 175 126 138 14 11 64 25 154 196 197 159 0 41 186 3 13 180 159 66 193 199 117 163 44 136 138 109 34 28 13 167 28 16 59 141 199 147 100 121 103 64 29 91 4 158 157 138 109 162 16 195 178 42 193 4 147 29 52
 174 161 48 29 85 44 57 183 57 136 106 92 93 133 171 84 127 12 122 190 81 60 77 138 16 193 101 69 172 166 87 8 161 36 158 82 193 21 148 24 188 13 113 123 188 109 17 117 27 24 58 86 67 83 152 24 62 21 66 3 24 143 189 35 26 33 173 188 185 195 111 128 72 60 51 164 134 53 55 88 96 127 1 101 156 34 57 194 45 174 63 128 118 131 9
 141 155 100 19 59 153 131 110 168 6 177 96 93 48 160 103 43 18 91 28 35 87 195 18 46 161 182 181 130 169 0 76 26 75 69 192 183 120 147 23 13 114 33 58 143 13 160 63 0 58 29 195 102 13 52 59 34 194 51 96 78 144 83 83 158 123 47 30 151 114 146 51 114 99 14 123 100 194 91 150 138 101 41 25 56 90 166 85 12 106 15 131 104 10 169
 4 131 53 19 87 152 35 114 61 9 22 83 62 54 152 31 141 10 192 109 104 57 76 184 113 117 141 158 156 190 151 133 196 2 88 15 30 78 141 10 87 191 148 87 106 149 157 182 158 69 37 152 100 20 81 78 199 62 35 183 148 168 157 173 72 180 94 194 134 121 133 69 39 121 55 44 137 4 3 136 138 14 49 6 101 1 103 153 200 169 151 85 157 94 5

