15
 29 77 36 88 13 5 51 0 59 4 0 59 31 43 87
 66 79 22 7 70 100 76 82 40 64 27 53 47 5 70
 17 87 68 58 80 36 28 19 5 99 62 50 0 57 73
 96 21 0 18 35 60 82 80 36 13 58 17 69 37 20
 13 8 47 5 56 62 86 97 14 27 40 69 11 10 82
 26 91 18 11 12 83 57 29 88 87 2 38 94 34 78
 13 83 40 65 26 17 47 36 96 37 26 41 18 78 66
 36 64 57 14 62 77 91 45 31 68 16 94 87 46 51
 89 75 47 90 46 65 38 56 55 96 74 16 37 34 99
 19 11 38 60 24 56 75 56 52 22 89 60 67 75 91
 96 32 51 39 12 0 60 34 54 38 58 90 87 78 58
 7 15 23 26 4 20 42 85 83 3 63 33 37 7 38
 10 19 67 96 14 31 21 5 40 23 50 71 33 87 47
 44 55 32 41 31 95 99 74 57 54 68 74 61 73 26
 25 91 78 84 38 1 88 45 22 7 4 83 25 31 15
