25
 41 50 64 25 56 86 79 49 92 30 76 56 63 62 70 42 1 100 91 88 6 27 52 13 6
 69 49 95 72 1 33 60 52 73 27 78 23 97 12 1 92 31 54 30 63 55 9 32 53 8
 30 28 54 82 30 88 48 39 42 48 44 14 36 50 70 10 6 42 98 14 40 79 48 6 7
 89 10 36 25 60 93 20 54 94 78 13 97 99 95 16 43 73 26 38 53 82 62 10 11 51
 76 70 14 17 35 33 11 46 42 76 4 87 42 61 18 23 95 42 9 50 4 83 18 49 59
 29 90 11 86 27 21 7 80 42 33 75 88 15 4 1 96 53 93 94 100 80 82 47 11 36
 24 79 79 87 68 39 13 95 21 76 40 18 16 44 4 39 57 35 33 45 32 74 20 31 71
 26 20 73 2 47 57 39 59 19 35 8 63 23 17 40 7 9 88 40 62 69 100 79 78 66
 6 44 40 81 24 43 71 64 66 25 90 19 49 75 62 99 23 48 30 73 19 45 83 62 28
 74 50 99 81 27 12 24 52 37 59 80 3 63 66 88 82 100 67 6 33 64 7 68 1 2
 24 82 94 18 52 58 78 67 92 72 20 74 37 51 51 37 50 7 62 51 99 43 30 30 79
 5 3 100 10 98 20 29 46 29 32 98 84 5 98 7 80 97 72 62 34 25 13 43 95 20
 70 99 36 36 68 57 16 20 10 61 25 73 43 13 54 44 74 60 88 22 77 46 6 4 87
 41 32 34 7 97 30 65 46 75 3 15 26 30 83 70 90 11 41 62 34 98 39 66 34 81
 5 47 38 5 30 53 28 77 60 100 51 49 74 18 12 42 95 96 58 49 80 73 27 88 16
 93 40 84 23 17 9 39 41 75 89 85 26 42 65 99 35 86 89 2 19 86 50 63 80 13
 80 49 94 19 61 61 52 93 88 34 82 37 12 58 68 44 49 30 63 50 34 10 56 38 9
 38 31 89 95 17 7 70 83 56 61 27 61 16 9 39 15 32 61 1 38 67 32 99 55 98
 98 71 86 73 6 0 69 53 45 82 78 85 96 77 47 94 15 59 66 63 13 99 68 55 88
 40 98 45 53 21 25 2 21 43 15 82 8 91 22 19 31 57 62 53 73 70 28 87 26 3
 25 30 29 40 88 70 29 0 39 27 46 88 60 16 26 88 65 12 96 66 25 28 99 86 53
 80 91 29 8 34 100 92 57 90 3 89 5 72 20 81 65 77 77 94 31 37 21 9 90 51
 62 3 36 50 30 67 96 84 85 1 24 28 27 96 52 21 51 9 66 22 67 76 93 32 88
 39 27 4 70 70 31 24 68 2 38 32 89 15 61 49 40 76 67 24 14 40 75 17 35 93
 49 37 10 2 54 70 8 70 24 73 0 31 77 76 3 65 35 48 37 65 81 10 16 1 47
