30
 89 86 79 73 11 45 93 97 33 59 4 21 10 79 61 9 82 37 38 21 54 46 22 53 92 41 64 32 12 23
 99 16 46 88 74 86 30 60 53 93 45 8 3 24 70 39 18 70 67 90 66 73 29 29 20 75 3 82 70 51
 73 96 66 20 48 75 99 86 39 14 64 58 32 48 57 70 88 3 99 53 48 57 22 86 99 50 18 28 92 46
 80 69 66 36 62 72 7 63 12 64 11 8 84 85 92 36 23 69 46 13 0 79 14 36 2 17 39 23 48 2
 57 20 34 39 38 88 60 82 89 16 38 19 40 62 29 51 84 66 27 9 50 30 66 16 56 90 7 62 83 8
 16 54 15 100 38 63 64 56 42 46 6 95 46 42 93 83 38 20 47 81 10 77 59 54 97 57 51 82 56 60
 89 56 45 71 7 82 84 67 73 45 77 50 82 44 91 63 54 7 81 88 86 39 80 73 75 11 17 72 89 11
 51 4 58 50 55 38 82 73 9 93 63 7 31 52 27 64 96 10 70 89 88 19 70 42 39 64 66 9 54 64
 97 11 17 98 37 11 46 14 5 65 22 11 71 9 15 49 5 61 74 27 24 46 92 72 10 3 11 21 10 44
 9 41 19 84 17 45 56 70 58 19 96 3 73 41 32 6 86 100 63 93 97 55 39 51 25 31 68 74 53 58
 7 43 51 91 18 87 29 23 2 59 82 46 87 79 90 21 7 43 70 48 66 46 58 6 70 40 88 24 37 6
 13 21 35 87 15 37 2 45 2 8 18 52 77 68 99 69 52 17 73 74 68 26 68 43 61 47 83 69 43 69
 50 100 7 66 30 69 10 65 45 77 41 71 75 57 66 53 34 61 54 23 7 44 25 84 68 69 75 22 33 51
 15 88 76 97 48 54 57 63 13 26 97 5 4 26 0 67 58 56 15 3 26 25 64 12 31 61 76 24 2 95
 8 55 62 90 53 43 41 52 8 33 15 72 35 8 31 13 64 47 1 13 2 45 2 5 13 19 18 17 38 53
 92 35 3 82 0 5 46 20 40 9 39 48 8 2 77 54 90 94 40 81 9 44 45 27 77 45 46 42 11 17
 30 57 89 33 78 72 20 45 80 87 5 34 75 66 4 74 76 70 71 48 2 62 72 66 17 0 5 2 44 100
 77 59 78 3 22 49 67 38 82 3 69 22 45 6 42 33 27 24 12 70 44 28 46 83 98 25 96 35 41 76
 44 28 36 53 77 23 60 10 81 89 12 79 68 84 5 45 15 4 68 63 42 98 87 42 43 58 11 28 74 89
 71 26 67 34 47 30 29 21 84 11 38 48 10 27 26 16 57 54 100 25 17 72 60 26 79 62 99 82 82 54
 73 76 14 11 53 15 48 100 94 20 62 86 61 9 7 22 10 61 21 33 87 46 72 34 14 92 78 62 63 7
 79 81 60 24 44 15 88 17 24 96 69 49 36 92 86 28 49 60 59 69 95 13 81 48 23 74 86 63 20 41
 31 18 76 68 34 87 57 37 74 48 99 13 19 69 7 45 62 67 45 24 52 26 11 60 53 50 78 73 8 48
 74 13 5 11 68 3 27 64 95 100 86 36 28 38 92 59 99 6 34 95 33 23 55 59 32 36 23 20 6 6
 49 59 39 26 1 73 23 15 67 86 9 68 97 59 14 92 67 42 6 19 69 32 28 27 85 95 37 83 38 62
 44 42 18 44 57 60 22 21 19 7 71 35 3 92 24 39 36 65 63 46 51 70 3 38 39 38 5 90 97 54
 21 88 30 94 63 65 60 19 58 1 15 77 24 77 11 2 55 56 29 16 87 97 56 23 97 87 34 95 18 99
 10 62 72 79 33 49 95 53 87 71 45 4 62 47 79 11 78 25 53 38 17 89 79 68 76 73 42 39 27 13
 45 60 83 3 15 34 12 100 61 14 8 42 90 3 60 93 54 2 33 7 74 72 86 80 61 64 90 50 43 88
 4 51 88 72 34 86 95 51 30 40 64 72 49 22 41 63 95 93 40 48 16 61 40 63 56 37 93 47 12 82
