55
 34 74 4 26 81 37 20 38 19 77 16 67 74 68 3 66 36 70 13 82 50 89 98 1 47 92 78 21 6 63 55 13 8 77 11 11 84 75 27 56 51 33 75 77 49 7 35 49 85 5 93 84 49 17 26
 72 36 76 46 20 88 9 94 24 46 52 33 33 16 0 40 66 76 72 40 86 90 43 11 93 95 32 99 49 77 56 85 57 92 86 6 16 68 82 37 97 9 62 52 70 94 78 13 98 19 12 66 94 23 90
 65 1 7 15 4 63 57 52 0 59 89 72 100 45 91 20 13 13 70 21 37 38 5 10 100 21 47 44 73 95 8 9 82 12 56 24 0 11 8 8 69 25 51 97 44 60 95 61 19 47 72 7 46 54 26
 80 32 5 75 4 20 97 87 1 19 84 27 40 4 63 27 39 22 72 56 26 93 89 75 90 41 67 88 68 7 74 73 81 92 38 63 67 53 92 7 76 31 20 97 20 10 28 63 58 3 42 26 57 53 40
 37 31 52 25 70 17 19 62 23 89 90 11 30 21 70 57 35 55 80 78 34 25 20 61 38 55 46 80 13 3 43 100 22 68 41 91 31 70 28 46 8 15 29 19 3 2 100 30 98 74 51 7 83 22 12
 48 4 96 29 15 5 31 64 35 63 71 18 75 55 81 92 86 98 15 72 75 95 62 51 98 84 83 43 78 68 29 26 69 79 91 32 0 89 78 6 86 75 64 45 12 41 72 68 36 30 4 35 4 80 34
 53 56 15 33 87 6 2 43 16 33 11 27 78 68 65 36 40 2 92 67 78 23 51 1 99 88 24 29 11 58 86 54 9 50 32 82 42 41 5 94 46 67 50 21 43 29 64 15 18 48 35 2 93 61 56
 57 15 81 31 40 71 82 97 50 28 80 78 79 6 1 24 49 53 52 40 20 19 91 43 3 83 38 15 76 24 25 75 52 53 48 19 44 47 70 8 59 7 71 67 68 52 71 70 57 44 66 8 60 76 58
 89 26 93 41 14 7 16 79 92 38 26 43 32 9 82 54 97 51 89 25 99 83 92 23 17 35 14 64 97 100 36 42 49 97 41 22 2 51 86 82 33 18 90 54 15 19 92 79 15 26 33 91 60 24 92
 73 98 6 62 82 87 35 57 54 94 88 61 86 3 55 72 83 13 54 43 83 26 73 31 73 38 70 42 34 3 15 9 95 3 3 31 84 38 57 81 69 87 27 81 39 18 73 39 3 24 95 80 42 1 12
 63 62 9 41 6 22 44 71 63 39 54 86 2 49 82 18 68 46 11 93 100 85 71 85 51 80 62 39 25 57 97 21 45 92 60 89 80 60 52 60 99 47 92 73 46 99 40 84 11 83 91 69 30 63 9
 10 84 19 21 43 27 0 32 65 69 59 98 63 68 75 27 2 27 57 83 18 97 19 80 86 40 41 95 23 17 27 6 27 92 50 38 59 52 66 49 100 86 34 62 85 100 82 57 41 58 4 51 91 41 27
 60 72 20 83 10 2 33 68 40 63 3 68 86 39 0 43 21 95 85 83 47 23 2 6 38 100 10 9 24 51 67 77 99 92 67 94 80 91 81 71 73 36 49 27 54 51 51 31 63 32 55 75 3 43 22
 37 41 58 48 67 36 64 9 87 1 16 99 6 79 75 86 84 44 35 2 55 64 14 73 90 87 14 76 91 67 76 64 37 15 21 89 36 24 54 43 25 66 73 11 52 47 17 38 35 38 12 15 81 11 65
 68 62 90 100 24 62 42 75 33 52 99 89 77 20 11 79 79 28 38 90 56 11 30 27 70 42 54 72 14 77 74 24 41 46 81 67 53 47 95 18 80 41 8 88 90 7 89 9 24 67 1 74 66 30 57
 25 98 86 70 40 53 74 32 95 74 12 100 41 78 15 58 27 42 35 18 31 87 28 42 99 65 9 32 17 70 8 29 44 77 21 59 97 79 46 81 100 83 41 85 88 51 60 89 48 32 36 34 55 96 95
 28 2 50 51 28 16 58 5 64 21 29 79 24 94 28 42 46 11 57 91 3 24 16 5 20 98 42 62 7 49 5 80 100 39 55 46 4 80 23 61 66 83 93 17 9 4 0 58 86 44 24 70 96 74 16
 80 29 98 80 4 2 26 72 43 46 12 48 17 98 83 40 56 66 50 57 18 94 76 16 84 25 75 17 18 73 35 91 18 76 28 25 16 4 37 76 65 59 62 63 44 27 99 91 23 44 32 31 26 41 56
 5 90 81 41 65 88 6 62 4 29 83 22 34 46 34 55 41 83 65 72 95 95 6 5 69 13 10 55 28 55 58 95 37 82 4 3 59 96 76 23 98 8 63 14 79 37 57 51 65 55 52 97 47 78 86
 24 55 12 18 99 56 91 33 98 80 45 73 97 98 3 27 100 43 96 25 92 31 59 57 24 4 28 42 77 71 71 10 44 10 58 87 8 50 49 89 21 45 51 90 45 25 32 81 61 61 25 49 2 77 65
 27 19 47 91 28 44 36 38 53 86 37 67 41 64 41 85 15 93 2 18 37 91 39 91 48 0 94 48 69 77 13 41 98 100 15 32 37 71 69 14 75 66 80 60 46 40 99 50 30 90 97 67 31 72 92
 42 31 63 25 31 8 77 80 68 30 60 11 75 100 13 6 7 31 59 100 26 52 23 24 51 73 58 7 56 94 37 16 56 87 87 65 26 95 60 26 80 48 11 84 13 27 100 24 1 39 62 7 35 46 6
 44 50 62 25 67 32 19 3 63 34 87 9 91 36 81 57 94 40 60 75 98 3 35 29 25 4 11 31 68 0 42 34 66 62 30 77 77 63 75 26 82 73 30 39 8 1 100 95 24 42 16 55 10 57 27
 68 19 99 41 57 29 16 63 99 17 42 78 54 88 95 22 47 30 45 78 50 97 74 100 46 40 95 56 80 47 99 41 51 29 2 6 42 45 90 76 46 95 75 52 69 64 75 7 47 95 23 13 9 60 78
 30 24 57 80 62 8 20 46 30 24 81 20 66 8 31 73 62 45 27 85 22 38 77 94 80 29 44 94 31 26 64 45 89 16 64 69 1 35 64 2 74 15 25 52 17 4 67 4 82 15 75 39 44 25 25
 7 95 84 66 18 49 68 44 62 16 23 93 58 89 40 95 32 90 24 94 25 94 58 48 55 95 77 8 67 90 29 16 60 11 11 64 8 63 88 81 19 3 73 19 72 86 36 0 28 66 63 97 91 45 26
 46 80 57 76 20 16 64 5 12 35 24 5 82 64 32 15 73 88 97 20 7 56 79 95 45 2 3 46 9 58 30 76 48 6 69 11 31 95 75 16 40 71 1 30 58 74 2 60 35 92 64 66 63 18 94
 99 98 74 23 36 10 2 84 47 40 56 78 65 72 64 99 92 29 69 60 11 52 74 52 11 43 54 58 53 96 41 34 81 12 82 91 52 55 60 97 28 10 76 95 4 5 8 79 46 77 19 46 91 32 50
 82 71 67 53 12 17 41 44 41 70 82 37 79 89 28 67 57 16 97 65 86 64 79 25 81 76 79 37 46 33 47 7 42 67 8 89 71 8 76 19 20 49 26 19 52 1 40 2 13 7 34 51 53 47 75
 12 14 14 39 41 24 80 21 39 4 39 26 23 0 36 25 22 13 6 21 47 62 65 58 22 99 86 25 99 95 49 30 50 83 37 32 31 20 97 50 31 86 43 67 91 13 12 57 83 80 55 25 93 83 100
 98 99 84 75 14 29 13 42 3 92 0 77 12 2 45 47 13 89 11 44 99 76 23 98 41 72 36 90 59 74 64 0 67 28 1 75 98 52 72 79 14 34 31 96 41 53 9 97 93 14 0 12 73 18 78
 52 37 4 20 48 20 11 61 98 74 33 59 30 92 29 39 23 62 53 71 59 33 30 21 6 70 21 45 34 28 30 76 85 32 71 24 74 57 10 15 9 99 94 92 61 64 39 59 81 37 96 6 87 30 60
 10 25 1 97 96 92 26 31 86 82 17 49 29 72 95 6 17 66 10 62 99 38 1 60 49 68 51 17 1 26 24 0 46 26 85 56 7 75 40 19 75 73 48 93 53 94 35 78 68 74 64 75 78 64 9
 39 84 46 85 63 62 52 87 5 18 61 24 43 11 38 93 38 51 10 94 2 35 18 41 70 35 8 61 94 29 66 99 37 67 45 70 30 44 99 51 78 60 69 67 85 86 60 77 96 0 55 74 91 6 92
 12 93 20 6 35 96 90 69 82 34 9 77 7 56 33 15 59 54 20 59 18 24 96 16 94 87 5 20 94 72 78 10 68 17 2 23 17 25 58 96 7 90 74 16 30 7 28 78 31 98 1 35 55 54 61
 5 53 39 10 1 39 54 28 24 8 21 98 80 100 62 40 7 93 43 76 92 59 36 28 58 89 35 33 64 57 63 30 12 61 47 49 57 78 13 58 87 98 1 41 18 33 73 75 44 64 77 43 81 11 16
 36 5 27 90 30 8 22 67 65 94 90 25 33 61 72 67 95 32 17 48 92 47 59 84 84 10 60 72 58 68 34 75 85 10 21 39 71 52 35 20 25 71 45 27 94 87 5 93 23 90 99 74 3 51 58
 4 48 52 52 12 93 15 63 90 2 68 5 95 53 51 9 84 74 54 90 66 11 36 93 53 52 65 73 36 4 98 92 73 35 78 3 53 58 100 11 97 91 92 43 44 59 60 98 95 77 24 76 81 77 69
 77 0 58 70 64 54 24 82 16 73 69 85 99 14 96 21 15 76 56 66 61 38 46 22 90 72 15 73 96 20 35 39 44 15 70 49 40 47 95 73 7 10 49 48 47 37 37 23 65 7 33 100 95 61 19
 39 55 9 68 66 12 98 8 76 83 28 28 45 81 4 68 16 39 50 29 14 37 25 55 52 81 24 38 57 99 3 56 60 66 43 45 62 8 57 7 16 46 9 61 1 70 98 45 82 4 90 34 73 57 98
 66 30 68 22 85 49 85 59 7 95 92 15 49 76 42 19 68 24 56 39 65 85 61 47 20 81 81 86 72 71 72 97 64 14 53 91 27 84 85 60 95 77 60 6 11 70 3 34 22 59 83 5 36 97 2
 58 47 44 93 16 71 50 41 93 50 47 53 77 4 9 7 54 47 89 99 38 75 40 36 59 23 50 64 98 33 63 20 62 9 87 30 78 96 17 32 73 78 38 16 82 92 63 9 80 84 53 100 31 99 12
 10 66 56 42 53 20 7 18 49 32 62 59 12 18 49 18 20 79 85 74 14 22 48 79 32 97 41 16 61 7 25 77 49 57 4 59 57 57 10 26 1 17 68 42 97 69 41 73 95 25 72 97 37 85 41
 41 42 8 64 85 24 57 36 36 0 13 22 46 85 4 3 12 100 18 1 43 82 19 81 91 53 54 88 27 34 7 1 27 49 57 89 59 96 68 84 61 75 64 98 28 75 55 74 69 67 31 98 23 8 43
 91 30 99 96 86 5 54 83 88 96 67 90 65 68 56 37 67 71 9 98 88 76 90 70 14 53 1 2 24 36 36 51 67 1 86 30 64 12 87 72 86 83 98 14 76 25 37 46 40 26 87 53 85 79 63
 53 85 5 71 66 38 33 96 79 22 17 9 86 95 83 93 96 55 30 99 53 38 3 82 94 49 99 22 32 20 66 85 98 68 12 85 99 5 3 14 10 96 7 41 81 56 7 2 78 81 24 93 8 36 9
 23 14 35 75 85 92 99 0 31 33 38 9 57 19 27 83 47 22 41 81 92 47 16 48 44 65 68 41 37 15 75 62 48 51 40 19 47 24 81 85 61 11 6 19 32 61 77 81 42 24 90 65 94 86 51
 56 0 41 21 52 2 2 99 32 49 3 52 25 30 42 96 35 60 92 14 33 47 26 54 89 82 7 72 11 65 82 34 100 74 4 83 15 20 90 30 62 92 35 60 9 0 72 1 71 7 31 47 67 83 89
 78 62 2 50 48 66 41 27 87 43 56 49 75 27 86 89 75 21 67 49 70 27 57 34 91 38 99 19 91 47 47 85 0 72 82 52 23 45 11 65 39 23 87 49 90 59 41 7 22 35 77 30 67 18 68
 88 70 8 78 55 78 45 62 79 66 5 48 51 18 58 64 62 83 33 47 80 7 79 68 98 17 61 47 44 65 19 83 99 9 92 4 98 44 30 50 8 29 21 68 35 25 12 17 18 65 50 56 83 15 65
 71 65 76 38 53 66 68 40 14 34 80 50 67 15 17 53 7 88 29 37 84 87 94 87 36 42 31 33 19 84 10 9 29 37 53 73 69 67 31 63 96 45 88 76 76 66 23 96 3 18 73 8 32 94 80
 40 1 11 15 91 99 54 71 26 23 59 76 18 58 45 63 14 40 48 0 13 89 31 27 39 52 40 40 10 77 1 61 73 10 2 2 73 54 73 52 17 42 27 10 66 45 92 38 15 80 51 9 27 31 65
 56 68 69 95 40 23 7 96 16 72 76 19 40 41 48 76 41 29 76 19 67 37 91 16 43 16 91 45 53 36 50 58 100 52 28 18 53 47 25 45 30 92 70 52 42 2 16 83 57 35 89 43 84 7 93
 70 70 51 70 78 67 86 47 40 63 71 0 63 10 28 65 43 14 13 98 91 28 26 96 87 99 36 35 57 81 90 56 44 97 86 48 38 73 84 49 71 2 5 22 86 92 24 90 14 80 94 43 39 80 57
 94 35 19 75 6 85 25 82 79 20 12 66 99 56 43 10 57 2 90 96 98 5 17 53 19 2 50 89 36 30 27 52 34 25 12 99 63 35 51 9 71 64 77 65 38 46 20 49 59 52 61 24 51 52 80	
