80
 175 183 47 111 182 53 114 85 191 6 99 171 49 114 79 120 135 53 189 63 133 98 18 125 95 66 148 80 42 189 179 54 41 18 72 113 79 10 105 77 101 53 191 166 11 174 145 83 193 89 42 31 12 31 100 124 166 191 51 41 115 51 117 4 121 64 198 114 81 20 132 188 47 73 33 24 11 81 0 182
 182 58 161 77 198 56 161 88 25 134 27 79 80 190 38 48 199 143 180 2 99 163 145 106 106 128 194 115 193 152 58 160 131 7 87 130 21 172 33 101 22 81 9 22 110 180 115 29 134 167 160 119 121 173 38 25 69 135 87 174 64 163 80 196 125 31 178 5 160 12 58 176 120 93 41 56 63 136 189 70
 35 3 75 122 41 130 2 88 11 9 175 20 14 152 108 33 146 97 64 145 106 129 168 23 55 3 147 190 76 37 158 144 9 128 195 63 21 39 143 159 170 39 49 13 111 154 121 121 60 77 179 72 72 155 162 136 69 115 126 5 189 6 181 196 161 33 56 116 140 80 115 124 78 41 136 30 42 114 73 76
 117 75 45 154 145 123 48 83 182 200 48 155 133 194 199 93 128 81 168 17 65 109 114 17 28 175 173 124 133 169 95 55 3 79 9 0 133 118 95 81 37 193 109 193 67 123 50 126 193 59 191 37 3 191 184 53 71 96 172 176 105 136 190 114 57 27 58 137 41 178 52 193 65 35 65 84 67 113 66 107
 123 45 196 183 52 114 116 106 191 193 21 136 144 35 181 2 190 24 155 174 21 100 104 108 46 16 86 105 141 63 165 110 169 114 36 157 151 60 155 35 122 141 197 113 11 155 24 62 156 110 156 40 192 123 190 98 83 162 159 198 1 191 70 117 140 134 100 137 83 128 90 102 84 151 25 134 89 63 141 93
 135 159 148 126 86 167 104 111 100 64 85 98 200 173 159 26 178 72 46 32 188 158 110 100 128 38 157 4 26 66 132 152 117 30 195 189 167 125 96 98 39 2 151 78 41 94 138 126 117 41 39 56 32 23 82 76 178 47 114 26 196 170 2 149 1 117 60 50 128 36 157 195 80 111 193 40 188 109 57 197
 20 27 45 64 169 174 101 5 5 184 102 115 184 14 94 144 73 154 126 78 65 133 133 196 173 84 59 196 74 191 200 80 107 67 103 57 24 126 93 46 61 130 112 126 51 120 139 181 149 161 158 130 161 24 80 131 21 165 9 17 188 160 142 149 10 90 186 159 80 173 167 36 78 174 167 118 137 158 14 0
 139 138 14 131 35 114 156 44 29 38 42 151 159 168 122 148 196 152 114 21 138 171 109 104 73 64 93 91 111 176 110 62 68 91 97 72 44 147 26 69 28 106 129 197 58 25 101 8 86 167 68 96 104 132 70 103 0 182 66 157 97 118 16 61 50 41 188 191 176 14 24 99 119 16 75 111 151 23 127 121
 61 187 117 138 183 6 133 91 146 104 162 140 23 61 111 2 135 94 97 135 3 50 140 101 197 89 107 113 89 103 81 174 176 109 153 21 194 98 51 10 128 27 40 19 16 103 2 20 22 124 139 144 105 133 67 33 153 105 77 107 22 83 106 189 133 15 62 39 163 43 94 161 23 51 7 72 94 105 43 55
 75 129 95 121 40 166 146 97 2 193 72 162 195 76 124 20 14 191 96 114 196 38 174 14 191 131 97 132 114 19 92 188 171 6 140 106 30 81 178 129 127 47 144 106 174 121 177 12 141 197 61 31 0 73 137 17 13 158 50 176 125 39 148 4 40 43 86 2 121 95 199 133 91 133 183 29 161 157 16 22
 193 97 138 35 62 39 149 78 120 39 166 5 190 34 130 186 50 151 81 83 32 188 20 23 21 51 44 10 151 180 120 20 141 124 3 112 54 86 57 181 12 29 19 144 101 101 47 145 82 57 200 81 127 101 137 136 147 0 67 198 138 33 135 95 41 31 106 90 178 136 20 89 27 60 172 90 85 63 29 100
 37 91 158 55 140 134 157 9 190 87 22 25 51 47 51 166 106 23 134 58 175 173 175 119 86 5 187 151 32 79 52 178 11 187 12 19 55 42 74 187 195 128 84 153 45 25 182 40 42 81 49 63 161 147 35 122 115 67 200 179 193 16 50 34 138 82 73 196 1 150 135 186 144 181 101 32 111 28 84 28
 171 65 17 76 176 122 157 144 41 94 97 49 112 66 42 61 97 30 178 60 115 5 30 105 68 192 175 163 11 62 167 43 182 24 64 96 146 124 107 37 107 98 73 138 46 45 158 106 107 77 142 113 85 44 116 145 179 110 55 135 145 60 51 2 37 92 112 17 89 39 41 171 107 72 28 9 77 170 139 142
 11 23 84 61 108 188 4 132 6 74 169 163 95 153 71 85 1 25 116 13 79 53 115 163 192 81 94 74 12 195 85 156 160 48 75 175 7 167 124 0 95 19 25 66 162 141 115 138 170 26 95 105 59 51 64 95 196 18 34 143 96 61 118 71 38 31 77 138 3 71 33 41 194 197 52 97 148 19 83 135
 178 52 46 117 57 168 140 49 189 88 197 36 22 81 47 184 132 80 41 157 30 200 174 68 97 151 106 141 147 162 40 189 78 127 180 137 194 107 182 65 133 79 142 32 155 130 174 65 6 114 178 173 93 86 183 33 166 140 29 77 53 197 11 61 60 148 73 183 94 131 168 83 185 181 23 24 156 166 55 13
 197 110 176 7 152 40 36 66 109 157 136 131 190 157 75 93 140 125 98 191 67 52 130 61 91 169 87 30 42 135 109 154 43 119 113 38 8 156 138 62 139 196 101 191 133 109 121 157 155 134 35 14 2 182 84 27 136 70 1 197 92 44 6 155 92 108 1 106 67 23 157 98 38 55 4 89 4 26 123 34
 159 131 17 1 127 20 161 114 159 63 122 19 109 110 31 72 147 59 59 49 58 38 143 116 33 57 99 39 147 148 178 104 110 85 36 2 183 83 0 139 16 140 196 13 86 75 51 159 69 141 125 4 37 3 1 7 141 180 131 91 49 170 144 61 102 143 6 195 115 134 131 40 55 141 7 88 34 160 191 138
 150 120 164 113 83 74 174 59 40 85 145 63 88 185 2 14 194 56 34 83 166 158 151 55 154 4 49 101 145 17 23 112 116 17 78 152 141 2 44 80 84 190 106 39 96 142 70 3 80 109 174 14 182 125 198 119 41 40 24 109 135 146 131 96 141 67 17 23 152 141 52 16 36 75 30 165 167 67 28 11
 9 186 7 19 177 25 48 58 177 48 133 148 79 54 130 80 94 100 120 102 32 106 191 63 118 146 27 109 36 9 81 163 6 27 162 164 142 177 56 183 1 120 153 138 193 181 35 178 148 103 12 36 146 192 109 9 180 11 144 77 66 159 74 48 4 134 178 98 112 185 37 145 120 11 182 42 23 68 156 191
 29 42 104 26 53 36 167 6 190 130 165 83 124 187 39 11 21 26 6 8 76 179 178 90 187 144 197 30 62 98 198 103 153 156 78 99 164 46 88 189 118 119 84 17 139 162 184 34 83 34 117 90 27 163 19 119 189 144 183 35 68 78 95 161 90 164 3 30 7 182 105 175 190 40 136 33 135 102 68 94
 197 83 55 165 199 90 184 1 36 117 26 170 45 113 25 15 117 151 120 126 39 51 76 158 81 5 105 97 50 32 184 13 156 122 57 101 106 178 82 188 130 185 48 163 84 44 14 118 78 128 106 33 54 171 74 185 119 55 166 97 42 37 145 194 57 2 53 103 77 129 99 60 10 165 77 17 92 75 180 168
 30 66 6 83 85 185 155 56 186 158 56 166 130 143 88 36 199 158 74 189 107 30 172 55 45 114 41 122 20 94 121 200 70 105 100 91 184 32 51 62 194 71 140 52 53 37 41 110 184 9 61 122 110 172 67 186 39 167 53 114 184 115 5 171 16 82 169 110 47 144 70 155 152 167 114 62 119 30 176 7
 73 17 164 135 183 62 93 68 57 130 84 47 123 115 116 95 136 157 10 181 24 155 133 62 39 166 154 134 57 192 12 73 129 81 153 119 148 169 111 73 2 188 116 108 16 138 177 168 169 44 195 170 67 72 156 31 142 41 31 175 119 191 135 175 92 156 138 20 105 65 17 97 37 76 154 183 145 14 17 193
 88 108 64 108 28 18 6 130 100 36 154 26 189 2 172 6 92 5 132 80 136 111 131 108 31 88 105 64 85 88 185 1 124 163 179 142 13 85 179 26 9 86 61 29 108 70 3 17 37 105 200 62 89 88 177 91 45 24 94 113 44 5 115 51 187 39 71 28 21 113 2 108 179 188 69 127 195 55 21 160
 130 144 153 139 152 134 113 197 85 6 9 123 155 119 111 19 66 67 36 132 143 6 69 145 152 177 80 4 3 104 124 11 70 26 164 179 129 127 131 157 180 144 141 148 13 147 146 115 74 50 42 103 143 10 156 170 21 174 49 59 144 178 119 182 48 30 7 4 22 64 160 23 27 60 131 55 128 76 158 51
 116 138 50 100 70 178 131 3 122 168 120 17 161 68 12 18 48 15 21 192 137 167 104 72 144 120 133 24 184 102 41 113 21 20 4 21 115 132 67 13 100 4 51 7 164 86 151 198 89 170 85 89 129 143 25 168 36 118 150 104 114 169 188 146 100 183 74 29 142 1 96 177 195 56 51 157 58 132 1 33
 110 122 137 35 112 153 45 7 129 0 40 54 70 152 115 25 149 175 148 62 200 100 128 114 191 101 26 186 13 44 67 87 190 62 191 73 77 161 27 134 0 71 61 39 157 32 149 20 186 169 166 43 119 153 19 142 152 114 155 36 48 26 86 95 88 150 144 70 131 189 196 165 44 40 130 196 41 142 123 62
 43 74 122 163 147 19 98 80 60 144 84 6 184 31 79 49 32 174 195 135 141 177 141 63 74 149 152 86 133 74 88 55 199 1 117 135 92 175 163 67 102 164 153 18 138 91 112 120 122 15 173 141 42 190 116 109 175 71 122 95 125 109 17 7 40 82 136 82 131 95 98 90 35 149 91 114 95 101 160 113
 16 7 89 115 29 143 91 125 145 163 194 191 9 4 8 73 3 135 190 59 149 177 94 62 90 160 166 198 30 120 120 4 101 179 180 126 159 74 75 0 140 8 51 151 193 67 20 190 81 121 95 198 200 106 137 25 134 11 194 0 180 109 16 158 184 167 19 23 96 167 86 158 77 47 112 8 40 26 177 1
 94 34 88 64 161 172 83 63 181 150 190 134 172 92 56 85 75 157 195 99 178 92 101 23 70 92 49 24 194 94 102 177 22 47 169 79 3 123 4 154 68 135 147 57 30 118 40 179 110 9 173 104 92 72 141 108 191 28 35 71 173 64 110 0 155 28 123 100 160 83 97 38 99 100 193 196 103 47 50 60
 179 200 108 2 176 145 171 9 99 146 80 39 176 115 33 155 191 186 118 197 38 155 163 172 105 163 11 197 76 171 99 52 194 184 146 39 166 177 65 6 160 85 137 129 197 116 12 92 3 197 140 132 16 1 156 74 182 178 34 126 96 176 35 63 108 38 68 123 107 144 98 157 7 27 129 116 173 48 33 121
 46 130 28 142 110 74 142 174 173 151 98 58 20 109 50 16 39 51 79 164 115 32 68 69 28 126 93 183 106 120 104 15 82 114 86 180 128 148 79 108 46 131 136 46 34 183 114 40 112 170 5 52 173 200 57 7 60 83 51 150 9 79 11 77 82 137 175 156 130 9 68 47 172 194 145 76 189 103 175 51
 196 191 156 144 119 95 87 183 95 90 77 132 166 178 169 171 87 10 83 176 71 12 40 15 74 26 178 38 183 197 19 149 106 51 21 62 89 115 80 127 81 20 196 62 153 12 13 140 130 56 16 177 93 26 13 6 19 121 167 25 114 58 63 7 142 168 160 50 180 3 183 41 57 165 51 173 14 154 28 143
 88 76 29 23 23 156 103 168 98 116 187 135 108 177 146 125 147 43 52 28 5 1 108 73 189 179 62 135 72 82 48 56 126 159 178 107 18 42 77 66 158 161 115 165 157 44 50 15 101 94 161 138 197 27 194 193 56 101 119 0 43 138 67 132 36 129 181 178 122 163 58 78 184 144 51 159 38 179 180 51
 145 199 126 65 25 135 149 108 87 182 12 192 157 19 45 141 108 73 51 23 161 84 198 150 192 83 19 8 175 100 51 3 117 7 153 141 146 127 195 81 138 151 81 183 194 111 23 110 7 169 191 192 70 18 88 147 157 98 81 146 157 27 183 36 115 196 91 159 134 93 165 81 10 100 62 190 160 75 101 28
 55 118 186 86 199 178 106 131 95 161 84 123 26 43 199 144 156 164 69 85 142 92 85 21 158 7 180 49 53 100 120 132 139 82 157 166 39 182 173 64 129 16 91 46 112 62 191 177 82 88 2 136 174 92 184 97 114 187 99 152 99 200 77 99 155 101 131 99 26 70 151 14 108 67 101 53 162 82 122 63
 85 42 137 3 31 39 99 58 170 84 86 44 42 151 38 31 122 6 17 26 68 57 121 193 152 49 147 10 50 93 179 42 18 105 185 2 142 9 178 154 189 103 28 178 4 195 107 138 112 142 35 183 42 51 114 138 37 73 153 72 126 26 42 119 125 44 100 105 144 118 92 65 110 154 23 138 165 71 190 190
 89 164 182 137 52 68 190 64 187 100 24 29 155 109 127 78 133 15 21 54 148 195 113 190 7 97 64 164 125 96 50 54 54 28 52 76 69 157 147 178 193 150 154 166 151 93 18 82 73 170 163 17 116 40 68 35 102 188 124 167 136 103 93 106 35 45 90 132 166 114 23 19 111 88 136 95 67 195 15 175
 78 98 36 6 182 48 175 96 56 153 198 200 152 21 59 168 54 41 170 187 136 150 82 188 186 128 35 4 95 169 157 197 70 9 10 101 146 9 188 86 12 187 31 187 86 3 42 186 85 160 19 184 148 56 0 162 164 98 35 124 49 86 34 126 86 53 170 195 16 136 150 60 8 178 172 140 122 133 70 106
 40 105 171 118 50 27 33 135 117 182 179 109 157 193 72 100 55 120 101 105 189 139 9 197 11 80 8 180 161 119 103 185 157 131 19 9 182 168 94 107 187 177 185 151 159 39 163 127 2 147 2 148 194 115 11 14 158 87 167 140 28 175 40 2 33 61 28 114 96 154 80 86 133 139 60 72 187 170 98 145
 22 17 135 70 158 94 35 148 6 175 31 59 93 120 1 87 72 123 168 152 112 161 38 148 38 191 19 120 191 102 50 146 93 87 142 9 198 137 26 60 150 10 22 98 12 80 66 10 26 33 171 108 157 86 176 52 182 157 73 65 185 122 108 112 82 46 64 121 84 127 64 156 180 111 43 124 8 3 82 143
 186 175 24 178 162 117 28 64 145 110 21 128 120 136 142 117 174 120 122 141 200 43 17 181 44 64 19 30 164 40 142 77 87 113 54 66 172 138 79 82 0 150 149 72 162 52 108 140 42 154 140 174 70 18 106 33 119 110 63 189 43 12 19 148 197 101 125 108 82 92 64 44 133 160 37 66 126 22 136 197
 119 138 54 15 144 72 143 148 95 97 29 188 59 16 35 112 105 197 168 7 66 33 173 4 136 48 137 8 65 73 25 139 73 153 110 97 28 68 163 138 52 148 42 92 133 148 35 13 187 68 98 67 0 177 126 12 36 186 53 18 58 160 165 188 15 167 187 113 124 124 32 197 134 118 68 147 17 197 85 181
 63 82 66 130 153 49 41 16 142 117 165 106 131 126 149 86 44 171 121 122 129 41 143 2 26 19 193 87 162 107 142 68 0 13 119 64 162 57 41 188 10 47 32 30 18 70 112 154 102 0 105 147 61 195 183 101 75 36 59 142 110 110 91 74 171 152 78 38 59 56 152 150 37 21 69 180 15 169 3 37
 48 132 198 152 159 117 177 12 171 14 105 33 79 166 147 184 153 30 76 132 189 170 78 136 111 3 23 191 94 92 157 177 119 131 69 131 150 54 151 189 87 183 21 46 147 16 56 7 27 33 64 108 150 143 94 141 49 106 173 4 101 33 149 139 138 101 194 101 5 198 49 175 25 18 143 137 120 63 130 67
 20 140 151 84 83 171 10 134 173 20 141 21 105 30 32 153 157 85 151 95 188 122 194 27 194 152 175 4 127 114 72 169 138 62 123 159 69 176 169 108 15 53 116 36 44 97 170 135 75 174 184 59 61 93 84 124 126 184 35 37 28 37 41 2 88 113 12 36 166 9 67 120 159 98 27 49 32 15 115 180
 153 88 107 157 9 156 93 153 123 55 69 93 156 122 133 165 50 141 186 102 26 15 159 64 186 104 22 179 68 51 121 153 29 61 197 47 46 68 111 142 123 127 42 100 80 9 120 54 133 100 145 15 93 94 130 162 171 52 50 160 1 173 195 151 80 95 111 109 173 83 118 143 176 10 60 164 125 170 89 125
 170 130 86 57 180 187 104 32 161 110 199 136 110 87 27 116 28 144 190 34 177 157 19 48 148 129 133 77 162 18 139 190 25 138 155 73 48 17 57 93 74 93 47 80 118 117 54 24 175 141 102 34 167 148 74 5 19 21 67 126 189 6 13 10 141 148 130 54 159 66 92 181 75 125 10 21 121 53 129 123
 151 190 73 66 56 129 73 179 61 140 179 81 171 39 115 25 94 173 5 49 177 98 82 35 85 141 162 64 120 64 87 102 159 4 74 0 10 125 2 72 122 69 37 64 82 21 174 21 170 4 23 104 70 43 132 198 169 154 128 152 52 137 63 186 0 99 114 117 139 5 48 33 72 75 30 107 78 4 61 127
 136 108 155 35 187 49 119 22 32 87 29 153 104 25 195 127 112 172 169 106 198 106 200 135 39 160 168 139 178 54 166 56 135 18 75 4 133 166 175 88 168 152 33 38 184 191 200 62 159 57 32 190 144 44 151 38 190 200 181 20 110 21 113 23 116 42 19 66 118 24 116 57 14 38 190 7 130 173 197 159
 68 34 137 191 68 146 87 24 36 191 8 149 120 58 139 49 192 187 116 31 22 143 72 115 5 139 187 61 49 116 175 92 174 165 122 116 184 149 193 88 185 49 103 178 122 151 25 153 66 175 60 97 59 160 178 143 175 127 154 117 130 140 167 149 136 174 118 117 84 166 161 28 143 47 56 66 50 164 45 68
 40 135 63 156 193 171 150 176 157 190 159 120 48 138 131 92 70 138 92 103 57 113 0 66 120 1 56 142 23 111 178 167 101 18 82 160 119 38 139 112 77 197 50 162 60 13 179 137 169 105 72 123 177 162 120 40 120 143 26 41 190 94 39 194 13 148 119 47 61 197 41 46 152 139 65 72 165 100 161 10
 92 16 172 139 151 17 112 185 164 57 12 125 60 200 197 35 90 164 146 107 180 124 156 193 94 65 185 136 14 36 167 119 56 132 126 86 102 124 162 94 76 96 70 74 20 171 169 105 189 193 107 45 70 11 60 127 172 55 132 94 35 186 164 65 6 147 171 14 152 52 95 142 193 168 81 159 94 76 110 8
 71 165 140 137 121 65 50 112 24 28 69 121 43 84 94 24 58 38 61 73 61 174 38 173 33 200 3 134 110 139 156 57 198 131 198 44 24 187 59 28 158 30 68 69 46 32 61 37 192 34 166 105 51 198 114 16 129 98 163 165 101 182 119 56 178 124 22 148 163 99 39 2 14 89 47 176 114 125 194 171
 17 170 4 148 89 189 31 118 18 172 129 101 56 108 59 37 19 55 162 174 62 133 128 135 160 130 63 152 114 82 118 44 56 189 177 42 111 197 28 35 19 12 102 74 165 61 36 12 158 64 19 150 50 183 99 118 164 41 152 12 180 186 51 139 39 126 24 132 200 4 30 173 2 179 199 13 9 66 18 177
 130 178 36 143 183 19 53 22 199 47 82 139 177 93 83 184 126 193 177 64 76 146 87 168 100 116 129 142 116 134 158 53 134 104 42 36 188 28 58 114 86 11 161 54 94 47 115 164 71 199 121 7 37 24 126 76 88 39 76 173 151 172 11 109 22 93 85 113 145 142 181 21 138 97 58 92 197 90 179 7
 169 73 157 194 101 161 25 34 57 38 156 115 124 111 5 119 79 176 131 197 120 162 113 71 154 78 135 22 200 141 171 128 139 177 63 15 43 135 9 143 183 183 132 98 88 53 1 45 63 55 33 164 42 1 191 89 40 118 82 16 74 195 56 152 155 68 150 151 83 153 169 21 176 186 32 188 56 184 77 82
 57 84 192 153 169 119 127 161 52 38 127 60 70 199 115 110 26 78 18 67 31 73 169 164 38 39 25 30 74 149 41 7 196 85 35 172 33 147 100 196 65 42 149 172 158 94 168 110 21 8 188 10 110 92 119 16 63 16 153 123 55 72 24 89 59 14 157 78 34 31 92 141 26 200 72 37 195 17 74 149
 86 103 99 65 130 16 167 73 142 141 75 140 31 85 130 196 126 65 169 47 92 197 48 68 82 73 148 69 98 59 154 186 171 119 67 45 82 191 5 167 150 175 56 185 159 191 93 1 61 8 130 50 119 198 113 124 79 43 101 60 173 5 33 103 8 48 75 162 184 49 66 117 97 76 47 128 25 2 162 16
 1 157 99 32 122 176 196 12 67 191 56 41 119 125 79 106 69 21 75 114 86 145 123 51 146 127 105 145 25 31 106 2 66 38 196 197 196 197 180 133 91 159 183 23 130 191 196 20 145 184 199 185 61 139 86 159 72 156 138 143 50 160 7 59 45 198 92 175 191 164 67 35 77 1 35 40 72 166 26 106
 86 48 142 122 61 156 92 72 10 40 192 117 88 90 19 178 156 23 7 100 59 116 57 92 13 82 164 121 73 185 145 138 99 164 128 126 50 137 4 44 157 37 55 161 168 125 121 93 187 105 120 111 188 29 76 200 28 58 9 154 77 0 96 65 10 59 150 91 135 64 15 54 150 3 93 146 155 89 128 189
 83 103 30 128 81 193 56 45 149 129 44 98 79 129 141 56 138 0 76 154 34 188 76 168 72 143 152 135 134 139 65 134 161 192 42 121 54 86 2 61 78 81 176 29 139 129 69 91 152 40 95 94 156 194 20 184 154 73 109 30 177 3 50 132 71 133 128 169 172 4 48 69 44 55 131 168 132 86 48 123
 89 61 104 34 122 63 55 47 53 133 139 76 135 145 39 192 184 191 4 79 124 194 181 119 184 29 76 118 14 70 75 138 37 4 111 154 43 13 138 200 179 102 106 189 133 178 26 112 124 185 76 10 154 139 89 178 191 40 134 144 56 81 195 49 138 196 2 40 146 152 144 153 88 12 93 139 189 155 124 153
 25 50 140 65 176 163 39 113 2 40 161 200 64 140 127 63 19 182 144 61 86 65 87 62 81 155 97 172 70 125 75 176 151 18 14 141 51 65 127 91 137 154 86 178 90 157 173 68 132 50 18 23 176 72 150 61 118 159 146 99 12 148 71 141 113 46 173 155 155 137 67 36 143 86 38 98 57 122 131 120
 139 64 172 178 77 119 70 77 41 157 108 21 13 134 93 128 164 111 181 50 53 82 137 67 123 31 3 113 100 103 196 167 175 1 182 142 141 132 146 173 184 26 5 95 14 94 138 55 164 2 145 141 15 52 172 43 129 192 44 113 84 7 26 48 153 56 106 72 112 121 91 130 90 99 183 199 164 105 121 30
 61 165 28 190 114 163 75 49 156 195 160 15 22 197 152 24 19 127 113 158 185 25 71 188 140 93 198 184 133 13 51 145 145 70 114 131 10 41 189 50 55 98 2 116 200 13 33 174 91 140 131 117 75 139 118 94 13 38 146 89 135 26 77 72 199 100 32 182 142 138 138 107 160 23 192 183 48 24 164 33
 71 22 187 99 63 167 3 10 16 197 117 39 174 140 71 60 91 145 163 168 60 14 21 0 24 193 59 183 53 160 86 196 32 126 30 63 182 190 186 164 77 5 62 103 142 128 122 57 5 187 13 57 127 21 162 132 48 134 179 120 95 68 118 42 25 109 66 87 192 153 47 130 36 124 155 104 148 13 114 119
 163 93 107 188 78 91 168 38 92 197 43 117 53 162 79 103 52 182 80 27 76 37 29 24 200 138 0 38 131 190 105 143 69 190 184 90 159 174 96 32 141 105 106 80 49 101 123 23 17 166 33 36 177 39 40 13 70 45 191 84 173 64 18 92 53 73 172 162 188 103 161 63 175 17 102 114 171 28 132 165
 174 77 69 84 100 76 58 176 107 35 28 2 122 145 178 167 123 83 187 120 41 85 57 120 71 10 15 115 85 107 186 126 199 170 194 177 41 63 49 87 198 74 72 129 88 185 194 81 184 121 186 1 136 72 81 67 67 165 55 158 95 51 1 11 180 180 4 132 39 74 194 137 13 15 89 94 165 150 135 44
 108 85 31 129 46 32 168 15 0 85 32 54 1 155 92 127 178 182 90 66 144 10 119 64 194 89 11 137 46 112 21 60 110 26 43 11 10 101 151 155 161 98 75 69 155 107 173 154 188 32 97 109 147 171 138 93 143 165 45 164 67 140 14 67 3 11 73 71 190 101 106 105 116 37 82 72 86 161 136 24
 26 177 36 147 116 166 13 178 192 62 73 157 165 14 119 198 117 84 10 78 187 18 21 113 87 98 184 59 15 163 101 3 33 150 178 86 26 45 125 56 26 22 151 191 19 130 96 85 162 36 79 66 97 11 169 46 11 199 136 47 178 141 147 155 156 167 13 0 186 48 61 123 187 57 65 6 51 188 97 11
 4 151 15 36 188 59 115 41 13 21 94 169 33 88 39 29 196 54 82 104 6 103 168 42 178 96 89 63 91 188 115 183 61 113 155 119 50 71 39 121 57 28 40 180 136 95 143 36 19 200 185 50 132 89 91 29 46 67 95 44 7 189 71 178 171 9 73 70 22 99 171 144 197 174 36 55 128 126 157 58
 121 148 151 131 58 151 60 92 179 55 175 135 151 123 33 80 44 72 27 158 117 28 91 171 129 178 188 51 160 52 198 15 68 14 160 125 77 81 139 122 131 182 7 200 51 52 55 113 197 47 120 10 173 177 6 131 126 28 76 134 174 158 196 97 40 182 115 28 100 11 174 31 142 124 129 6 94 83 148 153
 121 186 177 5 120 110 200 120 138 169 121 163 98 146 175 120 49 55 172 124 79 75 131 51 122 42 136 123 190 143 137 53 34 87 60 42 2 71 143 94 96 56 162 116 199 45 78 154 188 120 126 181 32 46 5 151 12 198 71 182 175 181 198 89 29 86 97 24 128 139 76 82 89 196 187 87 138 146 94 63
 45 182 70 77 174 110 194 133 48 142 142 33 93 23 30 28 160 39 111 81 136 143 10 46 136 51 62 53 1 27 89 94 122 5 63 148 74 154 135 197 99 106 118 87 171 34 175 124 16 122 141 29 118 109 176 133 23 36 83 192 67 171 172 23 151 59 89 194 73 14 9 100 62 34 153 172 143 184 3 166
 59 139 90 34 84 86 105 126 43 61 92 99 166 42 7 188 41 84 191 165 47 179 119 138 113 34 60 56 30 193 66 195 66 192 144 29 111 98 162 191 168 43 163 116 74 163 192 52 178 29 97 91 22 76 129 114 132 67 36 118 200 100 133 99 137 186 195 137 92 138 93 166 151 148 186 188 159 45 13 56
 6 188 128 6 83 88 61 11 83 94 84 55 107 17 151 50 11 195 186 14 193 17 132 125 11 172 200 66 30 155 141 147 66 66 189 167 40 20 82 160 163 146 74 26 131 54 47 131 2 1 181 17 14 105 14 128 109 34 148 172 46 61 117 172 175 15 170 101 13 159 48 192 47 152 37 148 178 31 96 53
 51 150 44 60 159 104 19 62 72 43 124 122 130 148 39 197 2 34 40 181 25 125 41 4 118 156 40 178 110 27 160 157 193 145 79 89 121 101 151 114 59 59 32 151 163 15 146 72 65 11 197 82 0 38 36 69 16 35 189 135 147 59 59 172 79 176 12 125 188 195 125 143 50 161 194 22 53 61 93 96
 176 3 156 82 55 138 151 25 45 35 0 173 34 30 138 184 25 115 73 132 156 20 145 173 14 114 137 158 95 181 192 145 97 14 161 80 153 175 143 103 65 165 99 104 140 183 87 52 91 8 165 168 85 8 73 138 175 0 192 10 172 25 19 157 93 86 123 105 123 153 197 138 28 158 134 64 16 27 28 143
 54 82 3 132 7 147 190 56 79 110 96 191 24 46 120 59 35 134 59 68 50 13 80 123 159 98 139 48 26 24 98 60 82 193 140 121 185 3 152 172 90 22 38 30 96 71 59 36 54 11 51 38 135 73 47 152 4 151 159 69 63 34 190 98 68 5 7 191 154 116 89 24 30 130 33 178 115 161 69 19
