60
 58 76 95 18 17 88 2 41 86 37 25 48 44 48 25 65 20 23 79 85 36 19 61 62 95 100 83 86 89 53 62 24 88 79 67 38 84 68 46 77 65 73 41 15 5 62 33 60 98 2 11 88 3 65 90 13 86 61 78 87
 43 33 48 47 66 44 86 76 97 63 73 55 21 0 13 33 93 37 32 60 88 94 4 48 99 36 18 35 1 67 58 44 57 6 4 88 14 77 8 76 10 81 66 37 18 66 91 0 73 12 78 49 73 66 48 46 48 44 45 23
 66 45 34 61 30 8 11 36 17 2 11 90 16 88 81 73 53 89 27 84 89 91 93 99 34 94 28 20 31 85 64 60 7 32 34 5 91 61 1 19 38 74 80 22 15 66 28 15 28 73 45 83 1 43 47 59 73 39 38 50
 43 15 50 11 66 47 67 42 46 77 93 7 88 55 47 74 16 54 66 34 76 85 86 68 90 81 14 87 38 55 23 24 53 3 98 74 57 29 18 22 73 16 17 52 95 60 100 58 47 84 15 80 6 92 29 56 79 44 95 5
 75 2 80 27 5 9 48 10 56 26 94 72 24 96 73 96 55 37 29 87 64 60 80 84 55 63 83 20 18 1 100 89 54 16 85 20 26 100 44 9 73 77 81 71 94 75 61 55 28 23 65 79 49 58 62 51 18 45 97 65
 97 85 10 64 79 31 31 5 47 89 40 9 83 97 66 11 64 10 93 91 93 65 15 11 7 30 88 21 67 5 54 25 28 13 88 12 1 36 0 30 99 34 89 64 30 88 9 69 32 30 23 82 74 29 40 15 17 52 37 31
 26 54 69 8 88 29 3 59 94 75 26 73 32 85 4 64 68 82 16 88 35 13 74 17 47 9 54 65 20 27 11 69 40 4 43 62 86 82 58 32 65 2 67 65 85 56 62 30 65 70 9 80 31 29 23 76 80 31 6 39
 83 76 67 49 59 91 57 5 81 11 68 69 89 36 52 59 16 89 58 62 55 40 51 87 42 5 24 64 77 8 45 45 17 45 2 49 56 47 99 97 15 11 100 50 95 64 18 21 55 3 84 98 35 72 13 70 0 91 98 69
 98 57 11 29 24 62 0 96 46 71 51 57 24 8 61 20 15 13 98 100 66 44 96 73 73 45 98 59 43 47 65 69 29 23 76 14 45 25 25 29 16 58 24 11 49 100 97 84 74 4 38 81 67 85 27 43 86 16 34 98
 61 42 69 83 96 53 100 57 16 99 41 88 93 70 13 53 62 83 32 11 100 92 58 62 71 95 51 80 73 88 47 66 32 77 35 40 56 99 13 88 79 76 72 95 16 32 97 76 26 94 20 46 23 90 45 28 52 44 39 30
 98 23 27 19 59 88 28 74 82 4 35 6 58 8 46 25 12 21 63 75 33 39 27 42 61 84 72 50 90 23 9 82 63 52 33 17 52 82 70 0 24 13 8 56 40 23 3 70 98 96 84 55 76 25 79 49 59 81 44 92
 42 29 18 79 0 87 35 4 77 6 14 69 85 3 32 80 66 48 41 76 0 74 72 9 22 74 62 86 4 72 7 0 97 36 43 78 51 99 18 60 24 56 47 43 50 47 37 45 54 34 27 48 79 26 87 100 22 8 100 77
 15 24 75 51 60 95 14 32 65 72 96 4 4 88 6 70 2 29 52 12 83 22 18 55 58 41 11 48 41 98 73 11 93 50 34 9 72 9 95 33 64 56 79 43 0 70 82 52 79 88 19 98 35 2 92 58 84 19 54 67
 94 11 10 49 31 97 37 71 62 14 27 57 12 18 72 4 6 27 70 95 95 60 65 67 64 70 39 83 86 22 65 51 85 76 74 34 72 95 96 4 17 71 20 25 19 77 54 71 78 14 72 80 21 68 77 26 74 87 23 25
 45 67 46 65 80 44 93 60 59 81 94 46 10 14 82 36 19 40 36 60 63 21 21 8 90 58 72 81 90 98 37 88 50 41 50 81 64 75 71 19 41 15 77 50 98 48 17 75 99 22 17 51 93 99 70 2 78 41 60 31
 28 53 41 45 24 22 88 17 66 56 12 8 85 61 75 54 30 9 17 55 58 35 33 38 25 31 37 38 18 49 40 99 8 96 70 17 70 32 62 69 59 28 5 82 21 92 27 47 58 49 6 76 57 48 18 71 41 49 60 73
 15 13 68 55 14 53 17 19 13 51 13 50 90 6 60 35 61 94 61 86 86 54 77 78 83 33 43 56 38 77 72 69 58 89 49 36 47 82 78 26 16 2 98 66 69 12 3 77 50 33 18 43 97 45 76 88 19 81 36 43
 45 71 59 33 91 44 18 40 61 42 46 93 8 40 98 4 58 71 90 51 23 0 47 8 18 70 82 6 49 34 26 10 13 2 77 64 89 53 68 64 4 36 2 37 70 100 10 37 75 81 58 71 51 88 9 62 96 14 10 41
 77 49 46 85 5 53 46 1 23 42 61 54 43 64 43 19 89 26 67 2 94 32 37 28 46 48 65 87 13 49 26 89 88 54 17 83 39 22 70 81 29 6 39 68 45 51 39 39 44 49 31 67 58 2 93 39 16 60 87 56
 69 90 73 21 2 60 21 21 93 10 99 22 43 38 20 20 55 45 72 61 44 19 59 0 94 35 59 20 100 15 56 18 68 50 87 3 80 32 43 51 9 50 25 100 70 87 31 54 56 29 37 34 61 55 25 78 77 66 47 78
 56 95 97 94 37 33 60 79 72 32 44 84 0 30 52 92 96 8 47 63 51 67 35 65 76 44 88 54 24 54 39 46 14 42 23 72 33 1 94 23 61 21 45 70 56 92 90 26 17 13 53 15 1 15 73 58 69 93 85 77
 84 90 0 44 47 90 29 69 73 1 30 45 77 87 62 87 60 54 86 73 20 55 95 83 60 73 69 96 95 51 65 23 58 40 100 11 36 56 45 24 42 55 60 27 70 89 68 26 76 35 31 15 77 76 81 100 19 3 14 59
 71 89 33 37 7 69 63 2 55 56 76 41 98 28 51 5 60 18 52 58 97 92 51 50 90 23 84 97 49 65 43 21 61 35 64 56 58 13 9 14 61 29 48 46 1 68 91 26 86 92 69 22 86 62 54 21 16 53 73 21
 48 26 96 33 30 86 28 78 83 40 25 99 17 32 56 58 84 6 94 49 33 47 3 56 85 29 18 40 30 5 53 94 91 84 23 85 34 76 85 82 54 63 82 72 83 92 85 34 21 64 83 50 48 45 35 65 36 39 95 24
 62 27 98 4 92 6 70 4 89 38 63 41 73 22 79 15 58 16 78 9 85 95 72 44 87 56 88 71 12 95 37 28 31 73 20 34 99 23 58 49 36 40 46 27 94 95 71 25 85 68 83 83 2 81 14 38 40 19 8 89
 78 89 95 56 63 49 19 59 94 90 20 79 65 51 57 25 61 84 72 2 78 98 3 32 14 24 29 21 75 41 78 37 20 24 93 42 66 53 79 75 70 47 41 93 27 68 1 13 50 28 47 51 100 10 57 80 53 80 78 70
 52 23 30 25 90 97 80 17 29 98 17 40 51 55 67 15 23 82 65 31 57 73 72 85 19 85 71 62 16 2 88 52 70 80 13 22 13 42 22 94 37 19 99 88 78 84 26 82 52 35 23 55 44 52 42 35 51 57 93 49
 11 39 1 13 100 0 57 30 32 24 63 95 74 10 24 3 47 82 2 14 33 95 7 64 75 26 46 31 58 99 7 93 21 41 99 43 41 47 94 34 51 82 76 38 3 45 5 24 20 38 59 13 22 22 98 77 59 5 43 17
 47 70 37 28 77 12 72 90 25 76 26 82 21 95 4 22 34 34 88 83 19 77 79 25 19 88 7 61 95 13 78 96 65 24 85 14 51 13 8 26 54 24 97 77 31 81 15 85 16 97 71 93 50 97 89 56 70 45 35 91
 83 84 96 97 98 62 67 34 0 76 97 79 80 50 62 4 75 87 22 51 64 31 40 7 2 72 90 4 38 30 99 8 87 5 63 75 2 19 57 37 69 84 9 100 88 14 95 33 24 90 71 26 3 40 36 48 3 4 45 97
 60 74 78 2 18 47 71 54 12 61 46 43 2 75 1 51 27 82 83 13 50 15 53 15 22 89 66 55 96 90 12 92 28 26 87 19 95 26 54 95 58 2 19 25 34 93 61 44 96 51 21 7 81 85 20 50 95 61 87 0
 7 12 84 33 97 24 59 97 100 55 70 36 27 40 11 70 28 10 80 94 63 89 100 31 31 11 49 55 38 25 22 57 29 46 31 96 36 47 47 54 72 93 63 22 3 85 100 98 9 7 55 69 84 36 4 84 44 14 61 72
 65 12 66 21 94 42 70 24 31 82 40 42 27 53 53 67 20 10 75 97 78 36 42 9 36 50 83 74 33 41 26 9 6 61 52 66 38 27 100 100 50 75 75 13 19 48 80 68 27 94 48 3 87 75 84 86 48 5 70 4
 52 56 12 75 86 10 67 100 85 78 81 52 74 51 54 54 78 17 66 40 15 9 45 54 6 72 40 23 4 78 37 39 96 33 6 67 74 86 84 71 52 58 30 89 73 42 45 87 67 19 32 19 32 61 76 48 45 51 3 51
 50 99 20 21 78 84 97 23 18 19 25 98 27 84 63 89 9 46 58 75 79 30 38 38 0 15 91 40 50 43 38 64 26 0 92 0 3 19 68 62 22 95 47 89 9 5 40 52 15 28 10 72 86 59 1 39 30 19 79 34
 48 86 32 64 32 1 20 56 2 99 45 4 51 73 42 67 18 27 8 54 41 14 53 72 87 15 99 77 14 90 55 84 43 15 45 3 30 13 85 83 31 79 84 64 18 8 89 52 46 87 92 67 39 94 67 22 19 53 65 82
 47 93 33 34 46 16 94 66 96 72 74 73 27 81 80 16 35 63 61 75 32 26 16 87 45 99 25 25 63 16 100 65 58 8 88 21 74 50 64 37 96 8 49 25 30 11 47 13 72 79 32 83 52 7 24 98 92 48 20 72
 51 76 65 68 85 44 8 12 93 21 66 61 28 22 50 72 49 48 31 70 14 48 42 88 57 86 88 56 14 26 48 50 83 68 64 47 50 99 20 20 8 98 33 67 22 30 62 63 74 77 41 42 95 69 95 29 17 76 97 11
 32 14 48 58 44 67 16 64 11 16 28 30 98 81 39 47 41 68 6 97 32 55 88 21 21 15 28 59 27 5 53 84 94 69 72 89 82 43 6 38 28 65 87 25 65 17 74 65 91 38 30 81 44 94 99 50 100 81 37 92
 31 4 10 73 30 44 46 89 39 53 47 34 80 23 28 14 2 53 7 19 0 87 99 6 4 23 41 55 96 71 80 98 65 61 79 63 52 67 16 83 14 78 12 87 8 59 0 59 47 37 12 71 42 79 44 35 54 25 30 43
 74 23 98 40 83 97 76 32 7 93 11 2 79 3 70 15 78 72 25 17 70 67 48 69 99 38 51 66 65 96 19 76 71 28 40 75 55 19 29 21 22 51 55 90 99 59 51 20 11 68 24 28 55 27 55 22 7 36 20 65
 27 74 0 37 0 88 17 89 50 81 36 57 14 57 42 47 56 36 85 100 5 32 0 9 79 75 7 10 63 37 5 30 62 27 60 59 91 29 84 62 93 55 24 95 8 71 98 11 40 32 32 69 49 10 32 31 75 47 74 19
 12 57 93 6 20 48 91 6 29 1 8 39 43 66 33 61 74 40 29 66 48 69 68 69 67 76 71 74 55 57 90 72 42 64 65 97 26 23 100 97 61 41 89 47 57 81 65 97 12 76 36 52 0 43 89 45 29 89 48 50
 67 69 91 11 74 3 39 93 62 63 64 78 57 23 19 28 37 47 18 93 39 5 59 21 66 57 71 68 20 83 47 25 23 18 30 2 33 88 16 43 63 74 40 14 74 12 99 90 45 86 3 27 6 13 63 31 96 36 8 25
 86 26 78 28 32 41 94 41 78 31 79 96 18 84 92 2 72 82 57 86 35 11 94 51 46 61 24 63 94 30 66 27 14 56 29 23 5 64 97 0 12 6 72 25 92 83 8 27 9 45 5 90 72 57 54 40 73 66 9 35
 92 59 8 83 96 91 20 77 91 94 13 83 64 70 17 19 55 34 91 54 24 65 93 63 97 60 44 83 19 7 45 68 74 93 54 9 99 100 18 63 85 67 30 82 21 36 30 28 93 95 2 72 5 35 37 34 80 42 64 57
 13 49 6 90 78 30 75 60 60 20 66 31 14 36 8 85 72 62 61 62 90 99 1 94 13 71 2 64 41 36 78 31 37 39 100 73 5 49 12 51 88 77 75 37 39 95 59 15 5 51 17 13 36 82 59 30 59 65 81 5
 22 67 58 57 53 61 95 25 29 84 26 51 29 95 27 57 59 40 98 51 13 62 81 80 85 61 95 16 45 39 59 29 63 86 96 1 20 57 82 73 16 92 12 28 3 62 90 63 94 18 92 23 15 51 30 78 21 73 36 69
 90 45 9 1 96 98 95 22 46 57 32 81 16 44 16 25 41 10 5 62 61 79 39 82 82 29 63 65 69 8 80 4 49 99 95 95 97 83 27 36 82 56 26 24 15 93 70 9 8 92 59 52 12 24 57 73 8 41 49 24
 97 30 35 50 9 17 49 24 40 72 79 19 10 12 37 93 72 48 11 26 40 47 85 85 6 20 16 55 64 35 38 16 27 5 31 23 54 39 18 88 88 23 87 5 57 25 70 47 37 81 84 56 57 44 4 15 63 58 83 41
 12 77 50 47 71 40 74 2 29 96 74 9 53 80 10 96 55 22 45 93 49 9 41 36 86 50 8 33 24 88 44 69 96 29 80 99 18 65 68 69 75 82 79 31 60 76 13 87 53 33 5 73 87 46 60 82 17 31 84 4
 58 33 32 85 72 54 39 94 67 42 23 29 0 44 43 87 80 27 5 55 87 63 5 84 100 31 12 86 27 42 84 39 95 24 69 72 70 2 45 67 18 87 94 56 31 29 16 72 68 8 72 39 22 3 0 68 10 42 92 19
 53 28 56 96 25 71 73 96 94 8 6 6 17 30 86 79 75 48 77 82 2 33 31 80 45 13 11 30 66 40 93 20 73 14 67 95 81 7 61 53 55 71 3 69 71 25 42 90 29 94 54 17 19 29 8 3 56 91 8 8
 60 3 0 90 65 83 4 26 84 68 6 65 34 100 55 45 70 26 26 83 50 12 100 63 64 72 39 91 40 85 81 85 81 85 90 79 33 79 79 60 13 25 67 83 14 70 50 87 75 31 46 60 92 46 50 54 10 100 65 55
 54 63 83 58 23 90 25 39 69 33 51 47 59 94 47 65 15 70 42 64 43 36 79 28 85 33 81 79 60 42 31 6 38 22 33 81 12 60 76 37 67 59 26 49 98 56 72 24 36 20 74 4 87 89 12 44 54 62 98 15
 10 12 32 87 45 72 81 21 29 73 67 95 83 80 22 14 12 36 59 64 43 56 48 64 45 57 16 71 51 40 53 24 5 72 82 66 15 90 92 42 34 83 94 11 86 1 47 2 1 65 40 73 52 97 41 79 59 87 10 100
 96 74 54 27 38 15 65 61 12 89 75 37 55 32 22 90 51 34 48 46 4 60 84 5 23 14 88 95 31 82 76 83 66 67 31 24 13 94 13 39 45 11 17 87 23 76 8 87 48 60 43 27 77 54 79 37 59 82 31 60
 24 11 31 22 88 50 5 61 44 73 42 13 99 26 6 97 34 72 32 87 63 49 39 13 13 19 18 39 76 14 89 74 32 11 5 1 8 26 58 25 63 76 75 21 38 54 99 10 76 55 1 39 75 40 18 16 30 33 48 35
 31 66 74 74 75 7 52 96 66 49 5 0 47 74 51 55 82 45 13 36 90 76 50 48 37 53 8 28 17 22 87 18 54 62 34 54 84 41 18 29 11 94 12 19 96 82 45 73 93 86 45 3 13 31 81 72 89 13 86 78
 43 56 81 79 66 54 65 9 73 64 32 31 89 96 15 6 28 67 93 80 76 47 32 71 67 9 82 27 72 89 84 23 22 74 3 36 48 4 44 7 36 83 54 16 4 27 23 21 26 78 54 96 77 47 57 79 32 86 46 77

