45
 24 57 70 7 70 56 49 82 54 71 91 41 0 52 81 43 89 95 37 100 40 76 66 8 80 29 57 14 93 70 72 9 26 87 38 6 1 37 54 75 96 26 21 96 10
 71 44 95 54 37 30 14 37 71 78 51 51 66 20 77 87 43 22 15 59 17 81 18 9 94 17 96 56 92 26 64 93 34 4 70 27 97 18 13 49 37 63 51 34 18
 59 66 38 40 30 62 56 48 68 64 39 75 58 42 70 24 39 39 61 92 80 80 5 96 15 95 71 90 0 30 66 7 15 29 68 31 93 82 73 29 72 21 57 41 78
 61 13 85 45 64 24 98 64 28 21 26 90 2 60 73 62 16 83 33 73 27 80 8 35 65 17 59 86 35 67 89 95 91 6 65 49 71 67 85 20 38 38 65 87 62
 85 97 99 47 95 29 53 71 59 32 75 80 65 18 68 36 83 35 42 65 65 45 0 34 67 65 30 36 23 71 86 81 43 63 93 32 84 19 75 36 4 59 82 28 0
 38 42 1 39 98 70 38 40 75 97 94 90 94 51 92 17 7 12 68 20 39 14 97 13 13 7 48 7 32 8 87 30 18 9 38 2 79 4 50 37 68 31 54 10 76
 40 99 61 52 5 70 100 49 88 82 96 40 59 7 37 31 74 58 76 21 57 94 99 51 59 80 94 28 35 23 1 31 7 72 19 89 39 66 2 89 93 45 9 41 69
 88 47 43 98 71 5 35 36 23 40 0 57 78 62 37 66 60 24 88 86 3 84 35 12 56 99 88 59 92 64 97 19 97 61 12 44 44 1 54 100 90 21 16 61 89
 49 66 6 76 18 21 42 55 97 65 50 33 76 37 49 89 71 19 80 13 53 23 46 54 4 81 29 24 61 25 17 69 27 65 3 24 4 33 8 57 74 81 80 39 11
 94 56 82 42 55 72 94 11 49 46 58 27 71 33 51 12 28 62 32 16 74 0 79 15 55 7 15 2 21 13 84 91 83 64 40 85 9 27 88 80 88 27 35 63 33
 99 62 28 91 14 57 1 60 51 37 7 1 89 53 68 89 47 48 34 74 92 4 18 98 17 4 15 85 80 95 72 7 89 37 36 68 77 6 40 24 36 10 39 37 25
 88 36 70 2 78 28 7 44 86 88 63 31 79 93 21 32 95 6 9 2 60 5 12 39 1 50 67 83 48 75 86 74 17 62 25 62 29 42 66 28 11 49 47 16 22
 14 73 95 34 25 83 59 58 62 35 29 87 74 96 57 62 31 50 98 78 36 26 46 66 17 7 53 67 70 50 50 34 19 37 47 78 53 41 79 47 77 52 97 87 34
 15 25 55 12 29 3 50 39 98 46 38 82 17 40 6 34 57 16 29 97 100 58 40 16 33 91 57 79 64 91 14 34 29 5 82 57 57 82 37 25 66 21 42 15 91
 45 2 38 46 92 11 51 51 76 98 79 67 11 21 3 5 93 84 66 37 34 47 51 9 45 58 39 40 23 29 20 49 82 12 34 88 20 41 75 59 23 79 7 33 48
 46 30 40 85 37 25 48 55 13 49 96 90 88 4 3 54 2 60 18 14 26 97 18 48 56 88 69 69 62 6 77 88 8 72 6 26 61 7 4 71 21 8 9 44 45
 52 34 40 75 93 59 6 83 14 19 1 71 14 53 35 2 95 10 61 4 18 14 90 69 13 88 58 99 16 90 64 62 9 23 25 95 49 5 5 59 47 70 2 14 57
 39 27 79 61 62 95 39 17 79 93 86 40 48 58 87 31 97 17 48 43 86 45 54 92 66 87 69 78 44 54 75 37 18 69 74 41 34 9 33 27 24 67 19 56 72
 20 96 62 71 0 77 94 88 16 53 62 30 9 71 57 57 72 5 41 7 40 58 73 85 88 57 6 2 15 4 85 96 81 79 67 3 10 9 70 22 40 80 13 48 20
 67 0 62 59 85 85 100 40 37 35 79 66 82 34 73 1 0 87 9 14 34 64 100 15 54 96 43 100 64 85 4 3 34 100 81 6 85 10 73 37 42 14 5 62 33
 91 51 87 15 43 86 52 97 6 72 1 28 15 63 37 35 39 44 7 71 31 83 95 25 96 78 33 88 7 22 10 37 35 88 15 8 57 10 21 15 35 83 4 42 11
 78 91 8 64 27 27 60 54 58 28 95 9 21 50 100 72 77 32 82 74 65 84 82 57 76 39 67 43 42 79 15 51 67 4 55 3 41 34 91 31 1 73 41 46 24
 80 62 39 96 97 80 34 90 94 12 58 55 77 57 30 47 70 35 11 65 82 62 16 12 79 64 10 92 68 95 47 7 98 3 13 45 1 82 60 18 93 32 64 90 76
 46 89 3 48 53 59 59 80 29 27 42 99 23 64 72 100 7 36 14 82 76 57 16 86 21 11 71 13 93 41 11 18 38 93 81 99 88 29 23 32 54 58 31 35 54
 31 39 79 36 27 49 3 50 47 68 73 10 27 66 9 82 35 82 53 44 58 13 80 17 16 47 4 18 67 19 98 12 81 41 91 32 40 32 54 77 8 78 30 31 74
 8 60 87 16 34 86 40 57 48 86 16 17 74 67 52 25 55 28 21 45 82 69 22 43 11 33 76 49 81 70 90 1 93 48 0 99 86 31 50 13 91 9 87 20 6
 40 58 29 28 58 89 66 3 27 67 80 66 11 66 53 11 34 76 26 78 79 24 38 0 31 53 17 70 5 83 75 53 36 17 79 74 86 32 52 39 36 30 66 100 17
 38 87 31 58 94 32 20 85 61 40 91 95 16 12 82 95 45 76 72 30 32 82 74 25 83 91 96 79 8 28 74 38 40 70 30 54 90 56 18 46 51 0 82 71 36
 19 69 100 48 81 52 95 25 7 83 90 33 16 36 18 71 37 68 12 33 20 22 45 97 46 6 62 97 16 12 5 26 88 75 71 53 1 24 32 57 23 3 89 36 3
 10 60 33 87 32 40 4 83 88 73 4 40 89 61 1 64 86 53 80 57 20 22 63 42 54 66 6 81 73 99 41 76 77 29 41 67 29 76 41 67 2 71 44 38 15
 96 12 51 73 21 79 71 88 66 10 45 99 33 61 55 82 57 4 84 24 47 20 87 91 79 23 2 99 100 29 12 38 12 26 8 76 25 37 5 95 88 66 46 99 78
 66 6 58 61 11 0 88 12 80 99 91 57 73 45 97 95 93 26 38 95 76 6 11 76 18 5 51 35 39 25 61 39 60 69 51 51 56 9 42 3 64 37 34 100 27
 82 89 7 79 90 37 71 50 31 94 28 47 78 81 18 33 43 30 58 50 22 42 46 18 22 80 57 70 53 41 2 73 61 66 93 84 22 6 91 89 15 7 9 8 80
 78 11 25 71 79 44 22 40 33 72 19 95 87 48 89 80 6 53 40 44 53 35 88 17 58 57 22 89 24 63 56 34 82 74 33 6 80 49 67 15 60 23 94 64 69
 5 42 80 68 98 95 33 36 20 8 90 84 74 97 41 67 66 0 41 35 89 81 23 8 19 43 90 85 69 25 98 33 35 80 38 22 65 6 47 45 11 23 47 24 42
 82 28 85 57 43 21 8 1 89 88 15 57 78 10 58 25 68 93 27 59 11 41 48 80 62 16 46 56 65 95 31 58 10 86 82 64 35 8 49 29 37 74 12 54 85
 0 56 82 77 11 8 32 25 79 64 56 97 95 57 97 66 68 60 68 56 18 39 38 85 94 96 76 27 67 50 80 2 33 53 95 6 37 54 24 13 10 73 25 13 62
 57 21 35 0 6 73 87 92 31 99 55 2 96 96 64 35 19 51 49 77 91 16 94 67 39 39 71 56 38 3 90 96 75 8 16 96 37 47 38 100 60 1 11 74 6
 38 8 76 84 5 70 55 94 49 27 58 73 74 99 60 10 25 71 43 4 77 100 42 89 89 41 57 23 65 3 70 90 26 49 60 25 12 4 26 0 40 54 91 81 88
 4 64 55 46 25 81 57 50 8 50 16 72 60 15 59 57 30 2 9 62 28 92 26 35 18 78 63 58 53 2 57 90 55 26 76 7 55 42 22 9 84 77 58 26 20
 99 93 48 91 32 76 25 64 53 6 18 46 91 43 48 67 58 19 66 52 70 0 7 15 72 44 31 21 94 29 74 52 92 86 81 94 61 25 20 52 4 18 29 29 40
 32 57 78 89 47 77 34 20 63 49 88 68 80 47 38 8 71 3 78 89 39 59 8 49 85 23 11 20 72 4 68 3 78 49 49 27 53 92 81 0 80 46 58 21 56
 20 56 96 87 21 17 73 46 5 10 98 36 51 15 78 18 72 2 39 31 22 22 28 62 57 5 51 89 23 95 91 23 8 98 1 5 1 51 7 39 54 78 11 43 42
 18 35 64 88 64 39 93 39 41 50 78 16 27 91 26 89 56 4 38 98 59 38 59 54 32 56 39 16 30 76 87 83 0 35 12 96 9 14 28 64 96 18 61 60 89
 27 10 41 36 57 1 69 82 20 36 65 31 9 77 34 0 29 52 8 35 52 77 2 84 51 6 31 65 69 65 74 9 57 82 36 68 79 14 22 4 20 30 33 16 64
