85
 197 182 175 124 160 95 1 8 47 6 146 44 119 50 123 19 38 133 85 42 49 65 171 152 57 180 147 191 119 87 5 74 142 107 112 39 29 113 47 14 63 36 39 7 60 89 183 59 182 3 164 36 175 35 147 146 153 55 17 70 28 79 165 76 185 55 29 109 133 183 117 144 50 200 92 2 52 71 147 55 183 40 100 190 178
 37 160 106 23 28 99 89 192 155 164 13 0 70 187 58 95 70 9 129 57 38 122 3 129 110 49 191 7 66 99 95 154 75 2 11 17 12 98 41 149 180 67 195 186 125 54 9 112 156 107 77 69 19 52 80 97 64 111 118 106 130 122 200 160 176 119 62 77 137 16 17 132 82 20 151 147 25 53 81 78 16 173 194 153 116
 50 143 196 13 47 28 178 128 29 165 79 45 68 198 84 21 152 153 150 86 140 186 106 167 66 127 178 174 192 20 73 134 167 28 169 20 31 150 165 6 107 157 166 93 195 57 10 28 188 45 138 122 179 197 8 45 172 11 118 177 33 80 177 64 148 67 138 64 39 31 150 45 71 28 63 167 143 138 3 119 23 47 124 107 69
 19 142 106 111 194 4 179 47 22 187 198 178 130 179 186 162 128 148 94 154 103 86 12 183 175 135 49 57 194 148 137 192 29 48 51 174 134 190 109 170 112 69 58 74 154 36 193 44 41 151 13 141 81 122 100 16 162 156 16 88 137 134 89 67 194 193 137 98 145 27 92 42 184 170 51 76 162 56 153 20 178 54 123 50 1
 68 32 78 9 82 77 133 99 56 71 179 135 75 91 126 32 130 123 85 57 4 96 61 136 52 184 50 17 187 158 0 74 172 165 9 171 99 111 197 167 19 45 91 36 50 30 39 196 67 16 135 97 131 104 96 29 138 8 15 117 85 12 109 169 114 43 118 160 1 113 54 86 137 157 65 27 117 192 39 19 89 33 36 62 130
 77 174 114 198 29 6 148 34 153 124 32 9 50 151 94 60 124 110 191 66 67 194 120 200 71 27 182 19 79 163 49 108 87 199 161 19 59 10 40 112 157 116 96 61 0 167 172 20 109 133 92 53 141 14 123 143 179 24 194 60 62 46 146 15 13 94 166 12 163 141 38 16 178 104 6 191 74 129 159 84 58 143 186 84 121
 162 61 70 121 151 200 166 97 122 124 40 159 194 167 41 17 151 33 18 194 196 130 171 108 171 170 120 159 46 120 110 134 65 78 40 167 75 135 49 114 70 133 182 180 121 136 197 33 87 150 164 155 124 188 32 192 61 105 50 178 95 169 21 22 191 59 166 49 14 135 35 79 56 21 85 64 4 133 193 1 162 137 58 57 88
 102 167 107 134 119 187 179 24 130 63 195 63 7 138 153 193 39 15 69 77 56 171 34 34 129 47 39 58 29 64 175 55 11 93 126 6 21 5 82 195 158 74 110 198 55 79 60 17 122 155 196 0 180 143 146 196 128 138 4 50 27 111 156 47 176 15 194 157 165 89 97 58 33 50 117 185 81 51 3 199 117 24 59 106 135
 104 194 171 97 184 22 157 125 26 158 48 143 190 66 123 147 39 152 46 184 60 198 101 106 198 87 106 21 108 87 103 81 121 99 168 59 121 134 162 187 171 103 101 79 42 174 73 149 200 151 131 185 51 21 47 151 35 80 138 56 175 177 180 69 90 12 167 16 26 150 43 101 99 185 105 36 16 153 3 27 123 154 90 79 55
 143 94 30 118 81 114 113 125 100 101 166 79 24 192 55 82 17 45 132 11 132 94 195 180 178 30 140 182 151 98 166 54 113 173 169 38 101 67 15 63 162 177 195 103 163 55 54 38 95 24 116 74 77 168 199 19 105 138 17 73 110 81 11 93 37 24 124 156 44 8 102 110 33 86 186 26 0 78 85 91 24 141 175 124 141
 15 74 82 90 41 32 14 73 13 111 146 49 180 102 65 145 49 161 91 21 52 113 95 195 147 2 158 188 26 175 44 107 76 33 117 155 85 7 132 154 184 94 157 97 165 69 35 107 7 36 26 186 110 40 107 198 87 89 121 88 4 11 107 193 185 198 183 53 127 31 50 30 114 63 148 118 70 8 16 99 22 126 76 75 146
 176 149 38 14 2 174 92 77 187 138 121 60 12 8 56 79 170 105 187 171 158 147 191 152 45 88 35 108 163 72 37 57 164 5 138 21 42 4 15 144 172 150 78 161 63 73 122 93 52 145 112 92 158 178 186 78 104 156 79 61 92 144 60 90 28 59 163 88 188 164 50 120 6 123 89 41 85 149 55 85 99 110 173 90 59
 176 104 87 101 171 172 142 55 149 97 16 86 34 87 46 139 106 10 154 157 157 15 80 9 179 36 124 107 41 177 56 30 128 165 94 86 87 175 138 176 101 165 82 124 177 99 32 74 161 180 150 129 35 129 154 187 47 145 47 167 138 139 58 76 113 165 194 198 120 47 127 136 152 56 111 161 157 136 8 19 87 160 179 180 1
 61 187 195 158 187 90 36 164 84 49 120 99 13 185 173 72 152 70 161 103 14 152 166 86 116 127 10 181 149 58 49 176 150 188 67 117 82 55 193 146 118 161 88 117 109 90 182 157 188 178 0 95 67 84 172 83 44 49 140 77 166 112 149 19 119 20 159 177 34 164 13 5 76 194 122 184 39 9 80 39 90 199 182 105 196
 32 55 177 85 157 168 19 79 68 145 32 181 170 171 56 2 40 188 57 10 72 114 116 146 31 76 199 180 190 88 38 42 162 98 148 174 178 40 0 71 162 126 63 198 155 197 111 40 154 185 74 108 30 124 20 153 60 41 170 3 55 91 95 152 194 186 173 16 1 62 93 159 88 126 185 121 105 6 27 124 172 152 196 52 41
 173 157 59 129 60 148 67 111 80 69 110 141 64 97 191 11 112 82 144 41 107 185 182 51 85 76 103 43 58 6 71 105 185 162 141 8 111 101 96 125 130 85 153 40 87 88 47 161 83 102 47 11 193 30 51 82 66 61 144 144 10 0 177 91 87 102 147 64 30 70 198 1 198 88 39 150 36 114 86 168 82 50 14 41 147
 146 186 4 9 134 138 143 5 175 51 65 15 17 34 170 165 18 68 67 33 59 80 186 136 76 20 67 83 184 99 31 147 115 120 195 36 58 6 9 73 84 78 36 94 53 101 38 136 68 44 51 193 64 117 198 168 184 100 166 26 1 33 178 122 122 38 13 193 185 194 63 110 171 58 17 135 35 178 156 104 114 15 196 64 88
 14 19 46 155 194 168 76 175 193 139 148 191 172 126 169 98 32 173 12 152 67 82 120 136 169 159 0 72 110 146 120 27 200 174 166 182 149 128 85 87 121 75 114 32 194 163 118 111 106 128 93 73 28 199 88 27 11 144 107 20 41 113 131 52 137 15 199 74 35 142 12 119 155 193 176 88 165 73 173 79 147 87 167 83 189
 119 105 118 197 78 120 137 87 69 193 131 182 187 67 194 192 44 76 46 29 176 126 158 33 96 169 175 195 133 155 40 32 37 43 75 143 121 198 14 152 70 125 30 191 78 34 58 161 188 51 82 149 46 188 193 49 198 51 170 174 74 8 76 123 178 152 174 91 153 132 48 103 59 103 195 196 143 116 13 70 28 133 180 13 67
 180 193 24 94 5 130 58 22 193 189 199 99 99 41 28 51 67 163 23 26 68 61 100 67 149 75 172 75 185 36 89 12 161 120 122 164 72 151 97 158 91 93 127 98 64 181 26 12 29 190 70 45 125 192 182 54 71 190 30 26 82 86 176 145 40 96 85 103 38 43 47 69 129 134 2 72 158 90 180 105 113 182 83 187 141
 61 159 68 194 123 200 84 112 189 93 179 48 151 27 154 5 188 103 65 185 131 150 89 20 160 76 184 169 87 175 189 28 53 196 61 177 119 139 50 80 89 77 162 154 199 136 83 196 141 174 57 9 38 119 128 1 161 103 34 181 181 161 115 189 100 163 31 146 125 77 89 37 157 56 176 89 34 130 4 32 130 108 18 183 27
 155 54 65 28 189 58 43 0 20 80 87 153 156 99 83 73 79 49 160 107 50 118 169 2 170 195 123 14 24 196 200 37 98 106 22 49 12 53 20 3 98 95 110 163 186 112 93 105 11 72 94 69 103 64 32 66 7 93 198 175 56 32 46 131 82 71 54 101 137 53 188 16 135 166 90 73 1 147 168 16 10 6 162 0 184
 170 113 10 195 76 45 0 77 81 160 50 176 149 124 162 20 49 21 135 141 109 6 91 161 191 13 140 54 131 106 182 173 146 117 62 46 121 55 184 73 33 198 140 141 75 23 129 105 139 194 120 0 68 196 59 191 44 192 36 8 177 173 23 192 25 0 131 38 76 3 135 124 108 187 185 21 193 141 164 177 130 80 56 48 177
 193 71 184 18 77 165 133 139 53 86 47 183 178 75 200 99 96 6 18 119 89 64 59 141 187 77 62 105 182 31 38 28 89 99 119 195 8 100 67 187 39 200 87 162 0 96 96 73 65 185 48 99 14 81 38 65 139 56 84 119 117 106 162 106 164 53 192 43 192 116 96 34 180 52 2 194 169 136 136 106 9 69 149 66 118
 118 160 151 195 156 176 40 87 33 2 139 102 186 153 94 3 62 122 136 12 183 85 152 13 199 133 195 181 98 172 87 164 200 6 59 187 65 31 123 162 11 58 55 29 79 163 162 194 191 172 180 165 66 56 48 151 186 173 126 92 21 56 21 136 68 88 133 186 28 196 90 117 19 32 40 77 71 74 133 1 52 149 124 188 74
 87 98 148 10 122 20 59 116 178 22 145 82 147 120 132 180 46 139 141 36 169 17 86 165 17 117 139 66 105 49 73 141 91 106 78 34 40 61 21 58 171 6 54 181 158 131 113 86 161 16 13 132 66 103 74 101 21 126 89 95 161 97 141 50 119 106 138 37 133 9 99 165 184 51 9 178 168 172 59 105 107 160 160 36 14
 81 67 141 12 181 195 125 98 174 42 200 88 144 193 162 158 34 114 152 179 53 23 4 20 20 139 144 149 163 69 145 31 142 154 38 164 35 0 77 65 196 149 39 27 168 198 32 90 98 180 128 53 195 164 59 51 50 152 159 50 27 198 41 194 13 4 70 161 5 128 49 158 192 33 180 114 184 13 34 125 177 27 157 113 189
 87 82 138 67 34 37 92 125 70 54 190 46 159 188 49 194 96 161 138 186 107 27 63 108 72 38 115 90 76 133 134 164 163 160 183 190 95 95 45 43 129 175 123 198 35 29 174 102 147 126 147 107 62 174 37 80 22 71 132 11 26 158 197 89 153 105 52 167 69 85 181 59 174 49 26 145 173 164 183 191 43 29 200 145 184
 115 6 102 31 126 180 64 146 86 3 195 116 88 41 187 20 73 41 110 114 51 154 32 143 124 187 27 97 109 65 187 93 124 2 8 19 113 69 27 140 99 153 194 169 41 183 98 58 79 49 188 51 36 135 173 60 181 28 45 177 10 158 45 18 123 102 43 17 146 166 179 67 68 102 149 9 95 126 70 73 69 160 55 72 50
 22 165 18 131 154 196 44 118 47 36 158 81 144 186 73 109 90 114 173 101 189 67 183 192 148 136 14 161 114 101 174 147 86 28 147 72 110 130 92 160 13 13 52 175 137 130 198 178 101 169 120 188 19 166 170 193 25 189 192 187 157 149 160 85 86 159 38 68 87 75 96 73 137 31 144 52 75 126 176 58 27 110 128 161 138
 34 81 23 82 118 183 135 157 5 104 71 179 90 90 96 84 24 57 195 47 180 155 79 154 167 183 82 34 82 68 31 154 194 66 23 139 78 188 167 169 0 85 151 104 92 40 57 121 161 114 141 8 23 188 157 107 44 20 166 57 124 141 114 180 98 62 189 99 186 145 144 131 183 105 189 174 12 138 62 92 35 198 193 9 140
 76 157 160 70 4 54 97 52 150 1 15 34 18 158 197 192 141 128 135 14 36 158 19 73 69 69 102 104 135 186 180 75 25 27 127 126 84 5 61 61 125 40 166 112 184 196 23 47 112 162 135 35 100 52 54 200 50 196 185 120 128 69 126 161 88 47 61 159 180 33 39 88 104 99 30 54 25 129 148 63 46 123 70 87 134
 189 134 28 180 20 17 78 196 88 69 164 12 33 142 27 116 128 56 162 69 24 18 44 30 22 173 141 3 177 126 31 127 118 149 75 103 3 51 73 39 96 90 97 60 45 41 89 159 45 6 70 151 27 94 69 93 93 102 104 185 16 94 200 166 182 44 61 142 26 68 63 33 17 144 190 84 40 98 48 110 193 172 101 138 134
 160 158 64 142 187 109 58 145 81 46 171 45 152 72 159 153 43 13 82 181 53 35 140 94 110 114 190 34 88 61 109 108 130 55 54 42 192 68 108 78 113 41 65 121 104 188 72 61 113 171 8 142 175 77 73 36 179 186 12 165 68 23 11 157 71 62 61 55 137 170 20 121 173 147 66 83 83 197 22 155 153 154 119 46 154
 120 42 42 179 113 14 128 137 80 198 160 65 161 98 105 45 59 99 95 43 91 89 65 76 82 36 20 139 161 132 129 76 128 176 181 83 127 114 107 163 55 99 156 57 160 1 185 163 174 83 69 47 0 185 147 40 7 122 156 196 73 93 138 192 7 178 132 70 152 172 38 180 114 84 80 11 33 23 70 57 158 80 55 99 193
 85 29 33 91 112 21 156 92 116 105 119 151 14 48 18 161 89 176 143 184 45 172 93 32 151 166 68 148 173 93 136 59 74 27 95 46 199 138 181 198 70 154 199 160 36 125 140 169 144 23 24 175 21 54 135 116 73 72 16 166 45 200 162 50 160 165 140 16 133 148 176 181 182 131 3 62 113 52 84 10 14 200 165 200 146
 134 126 67 9 200 14 157 159 171 25 50 12 187 177 40 191 64 173 66 8 196 72 131 150 107 102 4 175 100 118 93 159 170 157 143 143 122 102 153 151 174 13 172 39 15 9 115 123 43 87 62 198 0 119 106 83 170 89 41 30 16 24 132 66 158 45 169 72 139 137 5 182 149 61 57 147 38 98 200 74 119 62 48 12 145
 162 118 39 38 185 32 152 40 174 111 126 197 2 120 70 96 94 41 100 51 36 75 69 10 29 43 78 144 63 10 18 121 188 111 66 49 192 154 20 121 2 83 159 140 133 180 35 154 44 14 57 98 133 60 125 178 56 74 97 27 85 139 106 70 179 120 160 155 86 2 161 94 159 178 42 75 18 134 20 79 164 55 2 106 42
 121 62 81 82 1 193 174 17 93 111 77 132 43 19 122 38 92 121 182 110 13 34 164 42 71 150 47 118 97 193 133 22 115 40 130 56 5 52 32 183 45 146 174 116 148 67 146 184 10 37 124 97 115 115 191 197 32 36 55 68 179 79 34 183 179 170 113 51 184 107 169 53 7 56 148 144 168 23 78 104 49 108 86 123 100
 83 129 173 113 77 185 126 91 43 94 75 58 143 109 116 66 75 193 151 179 172 188 134 63 167 44 171 27 181 12 194 125 102 133 31 99 85 187 135 57 69 172 198 157 47 173 21 22 185 32 121 154 113 163 168 136 117 72 11 139 34 13 193 120 17 104 16 3 129 104 116 142 67 36 185 53 173 45 106 10 10 90 138 46 158
 106 75 59 172 157 106 51 9 38 88 103 111 139 33 177 84 135 80 13 74 71 176 147 154 197 26 143 141 102 165 146 85 87 35 47 177 128 188 114 194 189 187 27 62 95 162 70 15 138 89 137 115 8 135 122 180 100 78 182 139 15 48 102 163 70 115 170 28 81 2 190 188 29 20 36 46 73 97 44 168 119 184 44 82 58
 79 130 197 80 74 35 14 167 186 155 5 147 162 28 179 194 175 122 3 70 46 70 113 87 36 68 126 131 129 172 157 124 124 121 150 14 79 143 124 85 108 145 52 187 125 127 70 53 118 22 162 119 156 192 14 153 5 102 159 76 18 36 106 98 108 50 114 195 79 11 64 170 104 34 37 41 151 173 104 178 183 4 176 94 69
 177 117 25 88 148 87 170 93 160 151 54 136 149 142 26 175 35 92 189 143 71 165 134 160 178 8 156 161 143 77 129 61 163 95 194 46 138 90 117 107 24 134 29 3 15 155 80 147 160 19 126 74 87 130 200 116 7 142 41 192 120 135 10 89 105 27 124 125 180 17 111 49 143 63 93 8 113 42 93 179 182 31 88 199 111
 46 122 197 131 99 15 54 176 62 45 27 70 153 124 59 10 4 173 3 63 129 188 10 198 2 50 86 63 145 100 166 77 70 141 181 137 146 186 20 10 20 29 128 34 197 115 100 191 187 103 190 157 59 56 152 57 78 53 90 86 123 56 116 42 77 54 190 85 149 106 151 35 29 111 146 62 63 84 192 113 111 84 81 10 111
 9 188 193 32 167 6 125 126 117 138 118 76 65 76 121 133 105 144 138 197 26 37 37 60 50 91 83 27 13 102 135 37 58 67 183 127 56 80 9 47 115 178 67 127 184 61 15 91 62 85 80 93 165 160 104 160 86 21 115 65 134 28 83 171 63 160 108 147 46 111 90 105 110 131 118 169 148 80 188 135 137 56 55 47 119
 176 8 196 118 111 88 28 18 45 144 42 180 111 191 106 42 39 20 9 75 183 126 107 183 53 155 162 101 13 192 141 182 66 35 41 110 190 16 99 81 191 189 162 124 139 138 169 152 104 154 184 91 27 87 124 116 20 18 111 150 11 51 194 161 161 54 79 16 106 63 2 93 7 54 72 124 147 41 157 192 34 57 147 163 99
 63 21 39 28 27 14 101 40 27 105 117 197 151 189 164 34 52 21 149 141 155 44 67 86 79 81 21 87 147 145 28 146 106 38 112 56 152 130 71 78 158 46 109 109 92 19 172 20 123 47 187 155 172 78 59 170 66 66 177 185 40 54 66 33 95 73 106 35 179 198 66 126 157 115 124 141 38 60 125 167 120 117 152 176 1
 154 164 192 12 57 44 13 155 169 156 24 157 67 178 85 30 134 39 139 95 172 31 185 10 161 180 95 20 34 81 189 184 25 136 36 15 153 167 31 132 66 137 96 161 195 166 190 86 159 35 28 51 99 80 26 200 70 175 44 2 197 56 4 76 23 12 0 191 66 168 13 81 66 76 156 98 19 70 199 91 42 197 163 152 168
 61 67 141 112 51 85 171 28 89 14 130 198 62 169 186 89 1 78 116 103 59 113 65 173 94 163 86 7 72 154 175 193 77 129 114 174 135 50 18 115 177 57 2 83 175 184 111 33 186 9 117 7 51 105 191 28 173 127 48 73 88 86 23 156 93 88 159 18 130 121 142 148 54 139 129 79 28 62 197 137 130 119 194 47 57
 120 45 31 15 149 167 69 77 21 42 119 37 127 127 189 198 17 155 179 147 1 162 37 45 177 27 91 56 90 19 169 64 65 80 107 65 87 200 77 137 151 8 157 3 40 149 143 189 76 163 126 82 147 3 172 0 180 50 156 183 192 192 62 23 165 88 144 24 5 183 184 48 129 25 115 31 35 141 124 40 83 171 152 149 82
 78 27 64 89 7 92 189 128 105 181 0 19 46 58 148 7 121 160 129 58 130 86 144 92 156 96 113 17 29 20 54 14 181 52 14 110 107 9 135 120 157 188 49 63 148 63 132 141 158 85 60 197 188 88 58 166 168 129 102 14 52 3 30 72 0 71 125 149 34 42 100 158 5 97 194 76 184 21 82 55 15 5 70 166 28
 123 72 18 76 36 165 166 163 91 23 64 47 55 165 181 117 2 118 4 31 68 16 109 81 105 196 13 19 52 100 132 157 28 10 16 20 63 139 163 133 169 3 22 121 12 69 3 198 97 12 9 188 200 127 175 189 54 73 0 114 77 123 48 108 160 70 136 17 141 150 56 67 55 154 45 31 145 45 146 131 195 142 34 30 31
 20 114 24 175 140 127 105 20 54 102 71 122 53 193 149 179 179 37 2 134 119 200 136 156 32 87 50 153 150 68 47 42 145 92 93 191 190 67 29 16 45 50 161 38 100 45 119 71 19 133 139 49 133 101 104 84 101 29 117 138 122 152 8 177 9 56 160 162 58 125 92 142 59 178 93 98 168 133 193 5 196 78 62 137 87
 177 68 129 127 33 106 87 56 168 156 196 14 68 36 64 134 198 90 14 115 41 23 49 149 94 90 60 99 128 62 196 171 4 77 16 89 60 29 175 187 176 120 90 100 45 97 164 55 38 7 140 39 1 156 171 54 92 54 150 187 78 116 162 62 197 133 9 37 172 35 78 153 145 71 60 82 127 39 68 21 104 94 19 17 152
 152 3 18 175 194 102 105 114 107 61 8 168 106 60 185 119 77 17 143 139 60 181 189 26 66 180 51 75 164 14 177 17 17 26 167 16 39 5 46 128 144 21 145 191 132 57 170 157 55 121 63 26 183 21 149 37 120 49 25 37 51 163 57 11 172 92 163 162 153 30 139 14 1 200 31 175 130 8 179 167 94 14 32 32 19
 197 70 146 35 78 88 116 146 45 36 171 1 10 195 52 138 85 37 129 31 37 63 108 175 145 40 111 74 147 54 71 36 17 113 65 154 122 56 110 114 54 143 199 168 79 111 131 80 164 113 96 83 89 91 32 133 150 108 60 40 53 179 88 50 49 22 170 129 177 10 194 27 181 90 195 48 120 96 155 55 177 73 200 144 8
 17 124 31 15 63 141 15 8 32 16 138 40 48 70 95 156 19 16 180 13 61 150 32 46 125 152 151 133 126 190 171 53 141 154 131 120 131 92 94 182 120 113 178 185 42 166 13 195 44 18 154 184 94 102 119 12 60 91 85 131 151 7 117 118 133 26 24 71 36 133 79 106 166 102 124 77 8 8 141 145 27 91 20 98 71
 197 195 198 23 84 104 21 114 22 36 10 163 152 164 138 53 54 78 159 127 55 136 138 185 4 137 130 134 178 89 36 111 35 123 29 77 60 84 95 172 129 34 74 8 90 91 98 39 110 45 23 88 179 149 59 150 174 66 160 192 108 177 73 58 143 125 129 103 125 183 105 194 164 187 147 119 81 121 59 149 4 164 151 100 93
 188 1 47 43 137 106 62 135 16 28 29 101 3 103 176 87 109 92 68 132 35 137 57 53 88 136 49 39 181 57 89 69 64 6 75 108 9 121 6 160 193 139 21 123 74 32 63 84 75 113 124 173 146 71 192 67 140 74 67 58 145 118 137 46 88 90 186 46 173 88 51 191 10 94 94 179 65 28 48 115 121 61 140 200 68
 175 113 46 79 132 41 144 100 55 196 165 148 70 136 16 39 151 73 161 113 17 3 11 87 60 15 140 150 8 108 75 16 99 193 174 100 13 56 57 10 53 61 178 40 158 22 44 18 196 171 184 23 112 90 188 82 2 105 16 128 79 197 84 2 29 156 119 14 169 45 77 132 175 122 159 98 38 134 30 177 64 40 9 167 132
 53 63 3 111 137 149 138 170 51 170 14 94 75 65 92 75 66 115 95 175 39 152 190 152 106 118 39 86 94 48 131 9 59 153 116 157 116 123 132 123 174 114 127 53 0 73 192 43 65 101 111 124 167 2 18 157 33 165 152 150 136 40 168 61 134 123 162 56 23 64 167 72 7 38 55 53 49 3 8 50 25 168 153 19 144
 40 144 34 194 42 84 131 132 56 54 138 143 172 58 43 12 168 94 71 61 175 109 160 26 60 47 26 191 20 61 129 172 179 19 80 48 12 109 129 175 126 152 164 64 41 104 78 45 159 141 113 78 148 192 53 45 181 5 90 13 57 24 149 76 148 23 26 198 159 67 73 157 20 3 79 166 52 143 87 130 37 93 120 35 133
 197 137 76 138 65 102 146 69 100 69 190 116 46 195 14 103 178 16 2 199 41 70 73 128 109 195 112 98 42 18 157 31 187 144 6 4 171 116 116 51 23 200 147 26 75 183 159 107 132 184 89 34 78 109 196 195 84 96 11 28 10 14 74 180 169 148 4 96 1 156 155 45 101 188 134 9 31 178 137 145 72 132 193 23 139
 196 4 36 192 114 68 73 169 198 198 193 180 23 192 12 166 43 126 130 197 182 80 24 69 192 95 81 194 5 45 65 156 63 20 21 141 142 190 180 52 189 30 7 171 36 76 197 103 129 119 94 147 83 154 106 153 122 59 119 181 61 55 195 12 2 47 160 88 76 91 53 20 191 153 171 177 45 5 184 143 175 14 155 199 20
 185 73 60 197 131 69 65 62 177 37 137 114 100 121 15 115 18 38 47 35 11 119 71 150 17 175 193 105 174 123 158 22 78 149 194 135 59 95 83 6 66 41 3 20 89 120 199 132 18 39 117 39 125 147 46 46 169 34 142 42 184 156 171 113 77 190 108 144 182 10 73 200 186 133 1 71 37 62 129 17 11 21 190 178 121
 182 88 0 23 164 143 140 84 53 112 93 21 57 168 60 197 118 132 164 107 65 5 21 91 69 4 75 94 48 85 188 33 72 3 108 11 155 22 143 92 69 102 169 68 178 48 167 83 24 183 76 2 196 176 13 37 154 1 11 51 15 43 192 140 101 14 26 52 159 34 166 188 85 61 34 192 16 129 75 103 26 150 84 41 59
 77 112 37 64 132 146 2 143 103 36 154 1 23 72 32 41 182 183 38 5 174 10 194 143 113 137 118 156 178 101 147 55 128 147 10 156 17 15 177 126 48 81 182 0 97 194 14 198 84 124 35 22 79 112 68 166 2 113 165 198 66 92 60 13 200 109 93 161 90 145 96 134 79 159 154 57 47 134 62 103 80 192 163 8 83
 183 59 3 146 14 185 160 113 160 183 2 198 82 92 20 117 169 133 71 120 97 48 12 187 15 18 33 86 174 25 87 171 105 76 155 133 66 181 33 122 139 6 121 83 198 183 37 176 76 46 89 152 111 54 0 27 79 137 170 49 76 88 54 166 188 50 11 19 168 127 55 111 104 75 141 29 24 92 40 138 126 129 186 84 88
 117 137 134 189 156 144 117 87 121 70 149 25 76 80 45 34 23 58 67 174 147 183 37 65 132 147 170 18 140 37 199 42 117 31 96 190 56 100 109 68 30 80 141 175 83 67 11 73 109 23 184 66 153 57 71 69 9 10 114 72 116 4 59 101 13 47 170 189 193 178 86 76 132 133 106 169 58 190 50 50 20 138 180 121 153
 136 145 180 125 105 38 22 14 157 189 37 176 80 28 148 56 181 147 71 125 187 63 170 11 102 122 99 73 49 86 79 151 49 65 130 23 56 179 170 185 143 193 46 33 13 9 21 109 109 77 27 142 142 181 160 83 130 177 45 57 77 134 23 134 90 100 200 40 117 12 128 2 170 9 24 64 67 103 21 68 33 190 12 67 176
 132 159 152 97 74 40 45 142 52 185 88 108 128 103 22 8 81 6 85 197 92 177 63 123 177 25 74 84 178 8 199 152 99 24 77 30 181 112 166 149 194 18 193 119 12 63 43 64 50 163 48 17 196 88 147 169 87 164 65 67 30 29 156 77 127 44 148 78 87 115 58 115 64 101 184 177 197 84 117 79 123 125 57 104 156
 181 14 120 112 122 10 112 20 182 24 33 98 178 65 1 84 103 190 181 187 38 20 125 118 92 43 18 71 28 47 97 156 104 107 43 44 93 82 28 171 164 84 161 148 114 193 149 33 37 78 121 183 192 125 134 144 21 173 62 36 64 54 53 98 157 65 10 178 76 150 7 129 188 71 185 103 55 117 10 127 198 85 58 173 54
 186 134 68 163 80 92 60 89 187 79 17 69 96 144 146 84 10 68 52 115 19 135 199 135 189 73 127 97 89 162 109 83 133 131 159 172 139 111 24 101 129 113 100 123 134 179 19 116 55 193 100 16 135 8 84 115 115 138 121 89 23 133 16 147 87 7 148 114 152 57 8 190 67 147 31 119 18 73 60 85 108 123 178 59 30
 27 170 81 63 188 190 10 61 102 167 43 96 14 24 39 86 194 130 86 118 168 11 175 197 112 147 5 115 176 150 58 197 176 127 74 186 99 172 145 13 5 27 180 20 180 92 177 115 182 55 147 5 21 183 99 158 122 16 187 100 18 33 5 196 128 116 128 188 187 158 194 155 51 71 28 45 118 94 21 93 181 157 48 38 76
 98 183 196 187 75 10 60 156 192 185 28 122 154 2 5 103 143 70 101 154 19 80 83 12 111 2 41 111 3 188 135 28 78 68 90 183 150 116 69 133 133 150 8 170 76 134 50 8 54 34 155 97 181 180 45 101 165 192 138 151 178 140 55 125 56 107 194 7 138 32 35 197 197 15 135 13 25 174 157 181 98 97 82 171 111
 59 24 176 79 143 93 85 166 138 136 101 39 93 84 189 69 182 74 19 58 111 149 103 189 96 38 65 16 20 161 34 138 182 192 65 47 44 140 121 128 75 144 190 25 47 161 190 156 168 45 72 76 18 35 184 37 165 46 55 68 14 23 34 77 88 13 161 137 123 113 111 39 71 81 157 20 28 132 188 95 63 161 110 41 24
 104 12 123 14 189 123 159 86 161 194 45 95 68 96 120 169 21 48 72 51 127 1 8 85 31 56 87 138 116 180 104 155 58 52 173 25 84 194 162 115 177 125 132 106 95 1 193 97 129 12 51 20 198 82 105 102 156 38 148 160 122 5 147 168 36 192 42 77 23 33 6 116 74 114 140 200 17 126 64 125 135 145 128 179 80
 189 99 5 44 17 164 143 133 15 45 106 66 195 139 129 18 31 25 22 20 125 116 81 125 3 196 19 121 32 92 183 182 154 75 94 180 56 99 41 78 156 174 176 117 76 25 156 34 67 194 91 151 150 78 70 168 170 188 149 74 55 198 97 167 96 142 177 164 64 102 4 88 50 135 67 61 111 119 129 83 34 87 100 7 57
 174 182 177 115 24 100 76 45 27 189 113 154 34 148 35 187 6 89 85 126 62 200 20 66 177 95 1 21 89 65 69 185 75 174 66 16 120 106 113 117 132 174 8 140 88 86 90 114 194 107 49 38 97 16 173 161 92 99 162 118 137 165 136 37 34 52 105 199 93 143 56 86 43 84 55 116 112 82 139 32 199 66 166 167 197
 16 10 119 35 35 36 80 2 63 53 174 49 29 25 141 114 104 174 71 186 16 131 137 17 9 16 176 186 17 200 170 50 19 110 9 64 173 124 0 185 96 57 180 110 50 113 88 114 23 146 152 72 9 32 46 42 199 69 19 124 178 122 192 88 161 22 166 31 148 123 137 72 34 175 183 69 142 70 27 39 56 152 51 198 67
 130 172 83 77 168 77 114 198 95 22 150 18 190 118 55 35 127 70 186 31 81 187 66 144 200 162 34 95 83 131 162 82 112 195 47 13 142 164 124 194 123 173 36 158 173 45 148 93 164 57 10 21 57 46 56 135 182 95 99 27 0 150 15 192 35 37 62 40 7 152 144 167 132 120 178 73 46 57 110 2 67 185 198 5 89
 93 153 43 150 151 146 196 23 9 150 120 173 0 140 170 2 157 89 161 98 86 94 127 62 119 134 194 23 181 48 3 37 75 35 1 169 185 14 173 192 181 146 192 24 172 28 23 189 179 60 180 2 103 149 196 2 50 47 31 0 28 186 164 114 63 176 181 117 14 61 74 39 104 77 76 47 175 171 183 71 69 115 131 55 180
 77 36 100 114 79 109 81 42 30 109 106 33 79 88 98 99 140 18 130 172 33 139 128 187 107 111 124 33 23 27 50 143 168 137 120 36 108 10 123 174 95 12 23 139 50 4 115 24 50 22 51 176 88 35 134 96 99 145 114 106 182 85 90 9 180 89 48 126 9 181 87 75 20 10 169 47 73 40 54 181 22 167 37 91 122
 165 179 71 59 101 66 68 176 158 118 120 192 184 58 13 61 109 110 179 51 32 56 23 83 194 131 71 0 75 123 186 31 134 65 36 15 133 112 148 94 82 149 129 196 108 122 167 93 83 10 75 77 18 152 17 145 196 179 11 145 46 184 97 32 162 23 106 185 143 175 117 121 23 182 157 116 52 3 159 133 182 7 56 63 154
 197 152 179 121 84 199 51 11 82 21 142 145 175 171 94 17 154 112 46 104 115 23 149 198 46 7 200 57 116 40 80 114 116 70 77 20 12 130 134 35 116 126 192 20 168 121 64 37 24 200 13 108 35 69 99 135 142 55 78 154 8 103 144 38 150 31 151 127 181 132 127 6 129 82 16 22 134 178 21 14 129 108 105 172 115
