40
 44 46 74 14 3 25 55 77 86 52 90 0 7 52 82 70 18 1 84 60 56 77 58 78 89 77 50 31 10 57 23 79 24 80 8 95 88 66 56 23
 84 88 100 5 46 76 55 32 43 4 21 92 48 24 64 73 81 91 16 100 13 48 9 58 30 67 6 13 53 26 82 66 68 28 10 4 37 44 48 12
 11 4 56 59 34 49 52 75 3 59 24 75 7 70 94 36 21 24 62 48 33 60 20 95 21 62 62 4 27 43 10 2 28 41 22 17 45 45 48 58
 41 27 29 42 58 75 92 59 99 50 35 47 54 1 78 11 6 32 10 97 37 86 4 56 90 33 92 27 72 65 49 23 13 14 99 25 6 87 31 34
 49 12 15 56 63 31 32 100 92 91 11 81 9 7 46 79 18 37 12 59 21 98 38 93 42 25 82 1 73 2 19 71 69 83 70 42 86 90 13 41
 96 55 87 66 91 58 100 100 41 69 20 82 47 84 37 0 8 48 49 43 86 91 49 85 44 11 53 68 39 49 16 53 18 82 2 25 84 77 47 62
 86 15 35 96 39 36 9 69 61 17 10 84 10 99 12 29 64 84 12 42 70 59 31 32 49 0 35 88 74 0 43 9 8 20 96 98 40 51 17 40
 34 12 97 94 60 64 12 71 16 66 79 28 95 61 70 86 82 63 55 99 91 5 64 4 61 20 53 11 82 90 90 10 0 80 42 90 48 34 80 48
 28 82 33 96 81 72 66 84 57 9 41 97 89 37 99 16 45 10 47 65 58 23 64 75 30 23 22 2 34 94 28 57 31 42 84 10 37 77 33 47
 81 93 25 18 86 71 7 92 21 100 22 3 55 30 78 6 2 84 4 39 39 34 1 37 57 26 65 51 86 12 31 96 59 49 97 65 85 54 29 48
 77 13 40 88 92 47 5 23 37 98 15 88 37 13 22 91 74 32 22 53 83 26 7 76 98 72 17 14 20 62 50 73 48 55 47 60 84 9 100 95
 90 61 99 5 98 42 83 62 27 40 11 90 50 74 89 66 3 66 8 63 56 71 31 50 94 0 87 1 66 15 99 82 48 86 49 71 4 64 5 24
 23 0 10 96 62 59 39 13 66 100 46 30 54 15 32 73 10 9 82 31 62 92 74 88 48 16 48 51 74 77 56 81 58 89 75 66 65 63 15 7
 6 53 18 38 6 99 87 42 43 53 4 17 28 31 44 22 12 80 98 52 36 37 18 49 16 49 19 12 0 69 51 88 39 84 53 88 62 83 32 32
 87 68 17 44 2 72 74 96 65 24 91 3 24 19 56 69 31 8 46 1 62 64 1 13 59 89 1 85 91 43 29 34 9 91 39 46 68 4 37 68
 61 60 19 87 87 18 96 64 51 39 75 98 31 85 67 67 66 54 63 67 38 68 2 15 70 25 82 62 66 96 36 74 62 25 0 37 0 77 60 83
 66 91 83 21 9 41 88 3 78 28 89 95 57 67 18 94 87 61 12 12 16 35 15 4 96 24 85 33 38 53 73 21 71 80 20 83 19 58 4 48
 82 83 84 13 46 49 34 54 81 21 17 46 58 21 85 26 81 8 39 36 60 52 32 16 42 4 54 9 75 95 46 19 42 40 100 39 46 43 73 56
 48 82 80 9 20 20 24 38 0 68 50 28 8 80 51 20 43 94 30 0 7 26 76 96 19 46 47 99 20 10 98 12 59 75 72 99 58 97 54 21
 16 97 75 28 63 50 42 31 40 61 28 48 72 88 39 27 81 85 15 45 31 58 10 61 0 62 48 90 92 87 53 100 82 98 31 40 61 58 42 29
 89 52 85 16 35 43 45 64 37 40 0 91 74 1 74 48 20 63 37 36 23 22 13 29 74 39 84 89 86 86 91 30 34 10 42 31 77 68 21 90
 38 43 19 79 80 16 29 53 71 28 29 50 45 54 15 89 55 32 46 98 52 98 64 47 55 25 67 5 5 40 4 60 56 43 3 66 14 49 8 73
 41 64 54 71 65 5 67 61 30 25 53 59 26 48 4 45 36 78 35 24 7 11 23 64 60 11 51 6 17 0 55 82 26 54 68 42 88 96 37 84
 42 75 76 29 33 65 48 85 95 70 6 81 80 93 43 48 77 100 3 31 59 38 73 53 9 9 81 38 1 14 60 34 72 53 70 83 26 35 12 12
 82 0 69 69 98 16 12 56 39 2 88 35 62 39 48 25 17 25 46 18 83 48 33 12 35 9 86 97 75 58 68 82 63 86 97 9 14 25 82 44
 16 45 16 80 22 25 49 21 13 6 23 78 30 67 88 39 72 83 34 66 68 17 62 86 46 96 73 6 37 1 34 94 82 30 30 16 29 84 90 35
 25 49 45 3 64 96 9 33 47 44 59 91 28 67 10 37 13 24 81 64 51 66 19 62 48 58 92 15 68 57 11 42 45 56 55 25 43 27 61 48
 61 78 89 78 16 27 77 82 87 80 65 58 22 95 55 22 9 34 59 24 24 81 44 38 47 17 19 35 3 69 66 20 47 38 61 80 52 64 77 67
 66 5 95 25 23 80 52 80 96 29 95 80 56 70 64 68 35 4 21 58 16 3 42 37 62 91 77 52 27 92 91 63 59 4 20 33 39 37 9 53
 93 24 68 61 61 22 0 43 60 24 27 28 73 62 95 51 30 26 25 49 4 12 39 98 31 85 16 69 32 14 90 24 66 45 55 7 5 71 13 6
 83 20 46 42 71 91 91 61 80 82 74 73 57 94 52 96 48 39 22 64 1 69 4 98 65 93 58 35 0 68 15 60 81 53 5 7 40 1 90 74
 15 67 88 18 22 96 76 0 1 56 25 15 50 4 29 5 35 78 23 18 78 40 97 73 93 72 7 33 52 52 68 48 95 92 63 67 31 17 18 0
 14 35 83 34 72 65 66 22 85 44 60 68 47 54 3 13 47 30 18 3 1 42 29 97 65 92 66 71 58 84 57 54 20 23 0 24 54 35 42 32
 26 4 16 77 20 15 43 33 85 71 83 60 38 59 79 86 53 22 95 2 4 7 39 23 63 23 62 82 33 77 80 71 75 6 27 34 88 9 32 37
 13 24 83 54 29 73 45 18 5 84 1 34 8 98 91 79 30 2 72 100 30 90 100 63 98 17 80 66 88 43 96 84 35 39 92 98 92 42 98 62
 62 71 44 33 44 66 7 73 72 26 83 89 53 7 84 37 82 90 95 98 81 93 44 94 90 16 70 64 2 59 82 46 49 79 81 84 62 85 25 12
 81 93 76 9 49 9 100 44 19 54 98 29 62 39 90 0 73 43 66 50 76 62 100 49 80 80 20 69 82 19 68 81 68 95 62 95 19 25 76 57
 31 86 70 100 68 67 73 46 76 12 23 14 96 41 16 90 12 82 36 90 51 41 2 59 43 27 82 41 6 42 77 11 38 73 47 74 60 93 52 93
 38 35 59 66 95 61 100 35 44 90 71 17 53 30 25 4 93 70 25 39 26 6 4 63 13 5 24 58 0 30 44 44 39 52 54 78 74 89 81 4
 26 18 92 49 12 51 56 16 8 89 19 46 17 65 67 54 44 17 48 41 91 79 5 30 25 49 96 85 72 41 35 8 19 83 50 97 48 69 81 31
