100
 61 25 90 161 56 35 165 52 145 129 26 61 30 132 163 75 67 197 127 187 192 33 19 29 101 121 48 177 192 120 181 51 179 38 104 139 31 26 76 177 178 155 5 80 148 94 112 49 134 22 170 65 20 154 29 162 19 104 133 128 165 137 121 125 10 39 150 84 63 183 71 115 195 20 158 147 17 177 98 175 79 48 177 195 16 153 163 17 124 164 98 135 129 78 38 124 98 105 66 161
 99 99 16 40 173 131 15 106 120 130 195 99 141 84 56 169 175 170 170 124 37 150 46 35 171 171 104 79 27 100 26 169 71 114 62 167 95 14 44 112 131 98 174 109 52 168 43 172 43 60 164 44 106 92 97 80 53 138 110 140 79 37 134 125 156 158 160 6 78 198 13 149 36 107 128 160 30 50 23 67 37 170 128 55 74 112 11 199 93 45 128 87 53 21 135 175 91 164 20 28
 188 176 153 70 125 24 118 129 64 12 14 68 125 195 98 68 195 30 145 73 7 198 126 197 29 52 93 50 117 139 26 61 195 172 183 148 151 129 168 39 170 83 96 155 91 167 59 92 165 29 41 52 128 165 27 35 129 112 121 124 143 154 6 180 88 118 24 5 82 131 91 13 121 15 159 107 167 69 57 98 37 138 80 99 115 196 84 32 160 117 100 171 67 102 34 162 52 15 29 10
 42 110 194 137 95 37 54 63 143 113 44 124 139 55 16 95 35 102 113 90 98 66 156 69 194 119 167 176 122 68 128 182 164 79 53 160 179 111 107 18 92 152 139 31 135 150 115 196 79 169 130 93 28 61 157 153 29 175 138 79 54 98 65 98 44 95 104 117 181 89 49 144 187 165 70 123 157 183 16 156 51 180 141 159 31 175 55 83 67 131 95 165 78 8 114 111 20 64 126 9
 50 122 179 10 75 39 141 35 124 78 51 129 61 179 33 91 48 36 25 70 188 21 99 60 79 97 105 148 181 193 113 133 95 169 174 178 33 60 93 46 22 29 70 121 96 172 111 143 9 68 37 83 10 158 181 36 30 199 8 67 44 81 122 37 148 20 14 153 90 96 114 81 164 181 64 193 158 58 116 64 20 90 124 148 131 133 86 151 91 132 178 190 186 178 158 191 155 121 165 106
 200 47 127 185 149 146 170 138 118 70 169 171 105 93 166 77 158 156 132 154 200 189 122 166 178 13 144 19 110 25 126 181 93 5 152 145 146 116 168 100 142 80 49 6 122 121 91 174 20 152 180 143 129 24 145 195 81 171 8 123 145 75 74 37 81 95 57 110 69 140 167 30 74 151 13 184 62 20 77 35 92 6 109 10 16 76 193 182 59 194 63 123 24 122 63 116 171 39 69 56
 145 55 74 72 101 78 36 80 104 42 126 99 10 188 97 37 68 166 67 170 167 167 76 109 200 135 125 186 173 118 77 165 128 192 43 128 171 137 134 167 20 157 98 15 180 117 53 196 12 10 139 139 69 150 178 27 69 77 140 74 41 193 111 68 189 112 67 63 184 128 163 95 195 80 149 130 62 112 6 119 7 87 147 153 134 44 100 198 20 106 73 99 11 29 116 145 50 182 115 120
 87 114 72 151 198 93 54 96 135 152 143 75 187 110 173 42 9 63 119 10 76 123 74 153 169 87 89 56 101 168 8 65 109 65 10 160 9 178 169 34 66 30 16 54 36 119 187 22 60 85 168 73 198 22 142 136 136 89 152 52 163 84 169 144 7 31 174 67 21 52 100 102 172 142 99 181 92 42 99 17 194 132 40 53 76 19 190 95 171 193 139 143 200 55 117 31 114 163 120 73
 86 154 34 23 134 49 25 56 164 34 61 112 97 93 198 114 88 65 139 69 92 147 19 72 163 164 118 9 154 172 58 50 5 166 153 82 153 18 119 17 174 121 94 104 61 49 90 141 65 171 127 36 110 161 77 187 91 187 190 31 197 25 58 128 155 199 11 24 69 119 76 163 148 142 70 115 113 13 177 60 17 137 138 113 121 62 63 51 141 62 65 112 29 84 196 176 104 184 142 169
 69 48 68 130 55 58 174 13 168 30 128 107 140 47 135 171 102 200 169 36 94 189 54 90 171 37 72 26 10 162 117 110 103 43 81 120 69 177 180 35 73 82 90 166 168 18 142 85 139 24 67 57 36 175 121 51 82 162 142 147 149 47 168 27 60 171 53 127 6 30 14 108 196 148 92 53 119 75 74 8 33 24 161 22 31 120 13 162 93 26 109 32 167 194 115 157 200 170 163 170
 117 17 181 60 57 60 45 159 151 69 106 161 141 20 56 20 101 36 161 194 76 189 168 192 108 101 31 144 29 154 13 171 60 144 127 166 46 189 182 67 105 129 46 70 91 12 78 20 25 129 199 174 97 43 178 117 155 12 104 5 183 17 113 113 47 152 180 101 86 11 135 184 196 139 37 141 137 124 111 76 142 17 124 76 139 193 124 183 54 180 55 148 31 196 155 191 180 45 132 100
 165 36 65 92 19 120 30 49 200 70 99 143 47 106 162 55 142 77 136 142 40 120 154 93 185 108 196 61 161 11 9 84 125 93 156 142 30 159 160 113 123 130 88 73 61 48 175 95 169 171 72 44 90 75 104 110 69 151 144 25 97 66 153 62 170 91 44 119 186 183 180 181 95 187 127 34 147 191 63 96 138 189 184 91 193 148 189 104 152 30 161 38 140 8 58 49 161 166 25 169
 142 138 182 19 200 139 59 84 151 97 185 129 102 153 21 152 188 112 24 19 154 126 18 153 106 115 175 87 26 169 195 184 37 99 43 189 83 78 109 8 177 39 9 14 7 196 145 113 11 39 157 114 177 152 15 174 68 188 147 110 9 97 91 157 24 188 14 55 96 195 54 98 130 40 71 129 166 129 159 84 131 53 72 41 166 167 152 94 29 158 70 97 47 21 106 84 99 141 112 117
 68 127 25 73 125 76 153 166 66 122 160 104 18 146 89 38 19 110 196 150 112 96 57 187 56 78 141 109 187 37 59 196 102 70 130 71 113 168 129 152 38 29 21 19 148 51 64 126 72 19 102 151 73 80 110 13 109 5 55 54 141 158 155 18 154 41 80 80 191 171 84 97 192 160 173 41 108 192 68 75 49 143 14 86 155 150 194 102 127 6 27 108 65 136 129 173 168 173 60 90
 125 21 37 131 107 18 75 84 121 197 48 100 42 14 112 19 52 147 137 71 188 124 200 53 145 199 63 115 42 194 84 134 59 198 117 37 89 174 100 159 135 22 193 170 29 12 141 17 163 80 101 32 46 107 73 37 122 191 63 190 130 92 161 10 128 144 194 92 22 177 79 31 51 199 56 55 114 53 22 58 131 198 24 80 43 140 42 157 52 42 83 65 193 187 174 78 26 185 34 60
 200 110 144 106 189 168 160 101 139 66 185 155 80 5 73 119 39 58 136 34 199 24 180 63 146 126 143 101 76 168 29 159 29 124 24 74 59 23 36 34 54 44 77 39 184 109 145 67 147 34 54 198 71 19 50 121 37 59 30 80 119 99 73 199 104 200 105 56 87 77 44 174 122 188 147 189 75 163 99 86 86 154 5 165 139 114 117 109 177 24 53 34 13 69 86 190 181 168 128 166
 98 36 117 196 139 176 166 82 63 32 103 27 198 133 50 152 122 163 73 163 69 23 171 59 188 60 32 99 195 72 44 183 127 147 167 33 10 187 6 106 8 160 180 17 134 60 148 51 184 74 80 190 89 186 82 106 67 18 113 180 17 29 103 194 175 67 173 122 175 140 69 5 16 68 69 123 190 67 24 5 12 49 123 95 51 193 5 139 104 10 62 196 185 149 124 194 15 167 158 16
 33 47 32 168 178 52 160 29 42 11 5 154 38 161 156 134 66 189 20 64 66 72 177 194 7 86 152 10 97 157 79 124 91 5 128 123 185 151 43 68 6 37 22 65 131 10 79 72 195 128 101 176 27 19 73 156 149 123 136 138 85 64 152 200 133 145 5 184 105 197 122 102 163 189 157 187 50 96 16 61 94 25 79 124 140 177 121 54 56 182 170 104 41 90 100 128 180 128 63 45
 46 128 141 101 40 119 149 87 154 107 174 161 107 94 113 154 15 24 77 191 46 160 42 111 47 50 174 146 186 30 130 37 174 75 16 146 35 85 121 8 187 98 140 109 147 151 112 168 90 90 172 57 190 148 172 160 134 119 12 89 192 133 164 31 107 141 31 56 92 52 20 41 36 149 26 200 114 74 7 126 25 92 178 179 164 26 129 103 11 125 151 62 45 188 67 44 42 31 159 60
 74 44 126 41 53 180 129 71 51 53 124 182 167 109 136 165 5 113 44 169 137 142 87 190 111 106 191 49 11 184 183 121 157 174 48 73 104 101 28 68 139 55 13 146 164 71 131 63 116 87 122 132 186 86 150 100 177 188 81 123 132 140 151 130 20 121 195 183 161 42 124 92 76 154 141 139 39 35 127 8 11 28 115 146 140 190 118 169 121 90 155 117 58 60 183 57 172 148 180 30
 117 118 82 140 192 22 112 103 117 89 116 73 136 152 176 137 34 106 70 187 117 147 121 17 11 151 140 125 34 158 55 37 169 30 72 130 119 199 18 168 133 19 6 17 193 139 165 10 79 31 29 68 43 200 73 159 186 54 114 109 72 7 32 44 41 191 155 117 125 112 15 117 158 195 78 168 49 122 109 23 180 114 22 31 21 192 88 192 75 28 27 61 153 189 160 198 162 11 97 185
 50 177 107 195 156 41 102 152 132 108 128 50 69 196 130 93 150 129 85 133 76 168 58 162 184 57 165 194 78 19 118 88 62 200 45 127 156 134 152 183 110 96 11 49 194 78 31 92 128 161 73 189 184 198 88 31 19 151 102 33 184 186 142 20 154 102 135 148 57 99 158 49 52 35 104 176 90 151 178 31 174 132 12 10 77 88 176 112 107 44 67 190 60 68 55 79 46 34 118 185
 151 185 86 49 39 112 79 120 100 124 59 23 160 17 104 58 133 132 116 42 88 76 7 69 177 15 174 74 92 156 198 21 70 103 154 72 118 15 11 142 142 43 182 196 54 100 184 124 50 14 101 182 75 43 62 45 190 95 23 107 67 64 53 160 180 141 12 62 42 106 151 123 78 95 16 72 42 60 165 155 53 169 29 47 152 131 24 79 162 57 27 36 25 149 25 34 106 69 33 88
 84 80 101 146 50 168 191 7 64 74 111 173 88 161 188 46 82 146 177 27 65 39 181 155 136 106 114 10 49 65 98 41 88 152 24 34 144 35 77 26 17 44 134 152 188 67 114 9 194 135 67 179 96 59 80 89 154 79 83 166 41 94 153 122 60 92 37 117 145 184 167 8 109 112 91 152 151 189 112 109 157 103 15 66 106 79 125 107 45 60 74 77 36 181 57 156 67 96 152 167
 175 130 124 75 89 134 132 158 172 129 93 84 165 53 40 8 13 79 189 142 153 152 152 135 83 62 39 194 135 51 190 104 89 98 149 42 77 157 82 155 170 115 182 18 85 127 199 26 63 14 169 95 153 36 83 167 20 152 180 99 118 45 142 18 194 147 99 25 117 32 60 34 61 120 148 160 60 7 94 193 91 59 96 91 6 9 143 139 161 155 69 9 96 32 87 16 6 117 16 134
 135 23 26 172 65 80 109 154 171 198 59 69 82 100 22 132 157 33 59 62 40 80 132 141 86 197 64 112 60 72 30 149 109 87 29 140 28 113 88 129 92 64 199 40 29 31 25 147 120 26 148 87 196 113 103 140 32 188 175 48 86 17 97 189 82 50 81 11 66 41 142 38 181 105 17 127 58 92 153 158 163 129 15 180 147 176 135 148 167 121 108 131 153 57 149 94 129 37 138 188
 121 135 194 76 95 35 24 143 39 28 192 82 35 132 141 120 39 93 13 164 191 106 24 54 127 93 161 131 41 54 112 159 48 66 30 95 20 16 97 45 42 198 166 53 118 105 93 143 28 197 19 166 161 81 116 183 92 166 45 56 41 19 46 89 21 134 109 111 54 102 155 77 154 108 125 102 78 198 104 56 119 59 80 170 169 80 62 136 23 100 87 99 39 127 14 50 131 126 174 190
 145 25 5 63 9 151 176 26 166 188 98 148 109 160 170 167 130 148 72 176 135 141 117 102 113 6 72 172 7 66 177 179 149 117 63 74 152 63 66 185 192 151 35 40 155 58 188 70 15 114 183 128 161 190 154 17 138 133 69 82 11 47 45 123 176 54 186 134 168 87 16 56 144 35 200 170 79 164 198 126 185 128 139 165 78 24 72 34 19 58 61 190 26 142 171 139 89 76 116 8
 63 13 177 154 32 113 76 15 170 67 35 174 28 39 51 163 126 73 199 34 92 97 184 191 145 60 139 23 110 59 86 80 35 149 161 168 168 196 41 29 103 124 14 30 101 98 168 189 46 116 161 164 92 102 137 8 28 70 148 30 109 168 169 192 19 192 112 183 149 199 120 116 126 72 131 28 66 164 190 29 17 118 32 174 180 157 24 97 91 14 54 165 66 32 104 89 9 184 5 112
 193 175 122 105 61 54 16 85 14 58 10 113 30 48 94 33 80 63 12 61 111 102 187 93 51 64 45 126 16 112 27 68 116 161 18 194 163 163 198 178 5 170 125 163 55 111 103 124 79 123 13 118 48 27 103 60 60 186 166 179 111 188 85 64 175 152 132 42 116 69 85 168 185 172 28 100 194 176 93 104 79 159 164 42 149 74 119 159 66 147 166 151 171 141 169 199 80 59 161 31
 15 35 71 142 160 8 109 93 103 63 38 18 98 110 154 28 104 36 151 130 108 187 11 115 162 189 113 115 144 137 185 198 69 46 125 67 198 142 152 31 57 168 77 15 24 185 119 172 42 142 153 183 97 98 200 108 86 14 149 26 140 126 142 84 17 54 129 75 94 78 38 160 140 81 60 92 75 38 160 169 178 64 84 60 118 49 121 184 46 125 30 156 49 33 198 96 26 60 153 162
 40 113 70 180 170 160 200 31 100 41 59 60 182 37 118 61 16 197 161 40 183 64 192 68 125 173 52 11 31 78 105 153 75 57 178 191 159 40 41 139 148 164 55 86 80 23 161 88 65 137 5 139 117 21 187 199 188 41 125 129 172 75 23 104 24 130 70 111 34 157 22 191 75 65 61 130 34 150 193 52 143 91 174 153 34 150 151 96 103 115 16 22 194 59 132 43 153 51 22 159
 138 27 179 150 23 16 91 37 83 25 197 16 167 34 87 132 127 43 8 31 99 172 154 170 10 147 186 47 74 93 166 104 176 104 81 103 195 70 11 192 59 35 164 138 25 27 137 161 15 70 93 29 193 45 166 94 127 89 91 186 44 188 189 182 60 129 71 166 150 87 196 160 89 56 26 70 59 70 175 98 39 35 110 142 86 149 19 165 37 152 13 37 122 77 81 81 188 67 7 187
 52 25 86 189 140 50 107 64 146 72 196 186 102 31 105 166 10 151 61 150 165 95 190 199 52 39 115 140 74 26 134 179 119 150 65 103 20 101 140 172 165 176 161 140 86 122 135 108 147 64 132 5 158 51 150 65 34 91 137 54 130 89 151 20 90 142 88 151 39 77 69 28 123 141 182 114 167 108 91 192 194 75 17 115 121 94 155 86 183 150 18 95 25 137 113 141 129 197 102 67
 60 181 12 124 53 126 85 36 7 86 147 130 29 161 138 131 116 170 139 139 199 77 169 162 123 114 128 72 58 198 78 5 179 140 160 103 31 90 42 136 7 167 115 16 108 174 74 147 191 87 51 151 70 120 183 182 111 10 94 10 12 200 52 74 25 41 48 27 170 168 53 65 98 20 35 147 17 97 48 77 35 131 39 125 177 66 113 24 125 66 134 199 126 92 145 153 80 30 121 200
 107 180 27 140 66 36 95 139 29 137 103 101 137 129 134 62 7 48 7 145 173 192 90 30 23 74 139 36 188 123 117 17 79 113 61 165 51 128 95 119 110 21 52 110 48 48 131 139 37 108 119 133 92 114 148 198 104 45 157 192 65 90 93 84 163 14 125 125 62 25 19 127 114 100 11 81 11 45 40 130 12 154 166 163 102 145 30 131 37 142 72 75 6 145 195 160 147 77 44 31
 35 179 106 124 104 9 174 59 122 30 115 139 93 46 136 145 33 143 88 28 58 118 111 34 168 139 104 79 112 176 48 7 43 71 133 60 86 19 81 129 39 188 96 87 50 61 79 83 120 192 34 162 26 77 137 48 29 135 136 191 103 173 116 79 150 108 134 81 151 159 167 85 186 143 23 58 151 189 195 183 105 95 94 190 143 93 109 128 113 125 121 161 67 73 140 126 184 162 159 12
 136 97 179 154 160 81 72 93 137 85 196 75 126 84 126 81 121 179 92 168 45 9 136 188 11 77 35 193 6 182 61 162 158 144 149 185 164 159 115 78 164 92 188 88 69 96 138 153 171 62 100 194 115 18 126 77 156 25 31 12 12 195 14 106 135 45 148 59 85 27 74 87 170 93 84 58 96 15 134 35 7 157 86 91 70 94 89 37 5 185 129 124 42 150 85 128 151 136 97 19
 100 154 7 127 27 149 108 65 29 35 160 65 79 26 81 198 5 105 170 83 150 88 157 120 31 172 181 5 96 16 140 60 147 58 109 95 86 72 177 21 91 137 107 103 186 188 46 36 190 98 141 168 69 152 60 42 166 76 195 54 124 35 133 89 125 158 178 49 171 74 79 116 127 174 166 171 152 59 91 133 128 73 20 17 51 172 97 46 84 183 172 6 171 142 114 18 43 139 104 93
 139 57 98 94 192 112 16 196 173 68 170 187 23 183 115 177 75 88 172 189 165 176 117 181 58 11 100 128 15 5 28 200 129 31 37 174 137 51 49 87 84 159 82 129 132 53 177 193 45 94 57 86 103 5 135 135 54 180 186 160 187 80 128 98 145 120 26 18 108 193 33 21 151 20 186 55 92 108 158 77 165 187 125 192 123 63 18 24 63 173 31 190 59 82 118 70 183 99 67 144
 157 6 14 38 99 176 40 85 150 79 182 23 7 52 197 122 75 53 128 94 180 8 20 129 111 138 57 64 110 54 102 48 58 75 49 14 57 41 30 21 47 5 163 73 16 120 57 108 120 31 12 22 123 74 175 37 144 115 36 20 79 90 24 87 35 161 100 53 51 34 169 10 56 35 155 20 159 69 51 182 138 85 194 55 33 34 172 191 6 88 145 102 40 26 154 183 98 81 176 42
 77 64 129 171 82 6 24 81 127 11 48 72 96 74 50 24 192 17 142 141 80 67 42 134 94 115 101 69 119 15 187 165 45 124 149 10 7 63 170 45 125 36 20 181 34 9 200 128 91 73 110 111 100 45 113 67 73 35 36 152 129 60 28 141 43 75 75 28 64 145 69 5 144 172 9 196 106 40 193 159 116 152 98 134 58 9 36 54 107 162 170 16 183 89 29 189 193 157 91 156
 100 139 162 122 36 174 56 87 9 122 102 123 77 142 67 90 147 145 97 32 189 152 93 142 52 42 142 133 182 34 43 94 143 187 25 114 46 149 116 87 133 157 18 127 153 157 55 126 152 54 82 63 35 181 139 19 5 99 19 110 47 18 9 163 172 179 93 190 190 44 176 120 67 184 130 122 42 154 139 54 79 170 78 55 13 14 166 26 22 69 181 56 156 101 77 50 148 110 5 5
 94 69 144 128 5 188 114 139 161 125 116 132 88 158 151 194 174 108 160 131 161 51 154 15 20 88 26 126 139 103 159 35 134 144 88 99 68 160 166 198 124 80 154 103 164 193 119 79 158 61 81 192 87 62 7 98 167 47 109 89 33 124 96 151 143 91 30 174 21 164 197 27 122 24 112 152 45 156 187 188 161 22 80 71 14 34 5 76 24 59 68 64 13 37 119 56 196 78 193 134
 171 71 37 189 39 59 193 190 27 109 83 193 128 148 11 34 73 173 196 75 132 29 7 48 72 52 172 175 166 190 62 105 106 188 172 16 110 78 107 162 169 114 12 119 69 50 199 12 96 21 175 153 174 113 154 37 164 29 110 40 169 35 102 16 82 163 129 27 117 20 160 71 84 52 144 39 106 56 66 118 15 18 69 62 37 143 198 95 5 110 175 120 64 87 82 165 172 90 117 88
 148 139 60 105 133 61 106 11 81 98 93 154 103 31 34 183 126 165 190 165 102 62 106 127 198 139 40 119 21 189 75 17 126 33 149 194 38 106 84 59 105 44 17 31 105 18 90 69 187 28 153 12 194 145 153 107 59 60 166 45 147 62 68 134 82 124 106 188 47 149 30 182 91 171 193 192 60 6 158 153 91 178 182 154 30 64 56 164 5 191 10 42 13 77 191 49 17 41 65 138
 183 121 98 10 172 148 66 44 130 10 33 105 141 149 17 200 62 110 152 96 106 69 156 168 155 154 130 155 186 130 198 49 37 102 166 142 33 139 146 76 108 103 165 70 25 72 119 36 108 159 101 81 80 22 26 37 199 190 126 60 78 175 181 175 85 24 139 107 45 193 80 16 168 68 57 123 130 29 168 107 164 123 98 87 58 153 182 21 65 152 164 56 46 42 60 175 55 101 87 106
 192 78 98 112 8 134 145 18 74 81 40 183 44 193 110 189 154 45 160 160 53 98 118 68 175 128 35 90 55 73 199 82 175 37 145 28 121 142 120 123 191 168 177 54 15 96 91 105 71 8 147 122 100 176 74 71 82 43 98 181 130 9 116 79 111 103 7 147 51 22 51 120 150 176 121 181 115 171 197 28 145 181 191 7 153 145 153 181 190 64 154 78 89 137 187 63 9 184 14 124
 82 51 96 174 11 160 106 21 20 58 23 7 174 79 190 179 197 66 143 15 173 86 17 118 199 36 200 104 144 192 44 28 137 171 31 129 138 171 117 28 36 180 128 159 160 61 20 150 32 107 129 148 140 192 91 21 140 186 112 44 14 89 190 95 51 181 89 155 187 78 17 88 118 169 156 164 63 27 118 21 166 193 200 80 59 155 176 88 119 81 27 40 147 175 37 149 164 186 62 99
 53 169 130 15 16 56 108 36 90 67 111 174 153 40 11 198 41 161 126 165 62 118 36 70 32 195 35 106 111 83 147 59 152 165 184 60 133 25 91 175 68 81 8 120 158 26 150 173 26 45 132 158 159 11 144 26 119 177 54 32 92 66 35 191 174 128 44 85 174 26 83 62 88 20 144 94 179 160 90 135 144 74 15 29 181 101 36 141 98 14 5 47 200 152 30 186 21 70 85 18
 67 124 148 115 57 157 194 13 14 169 126 157 96 39 171 7 68 69 27 71 97 61 144 182 71 83 76 157 166 29 197 101 17 48 31 195 11 121 188 70 61 123 8 137 144 36 25 112 153 99 75 126 11 59 105 179 47 198 30 108 157 64 199 102 157 37 103 195 147 127 43 84 129 136 174 122 50 131 170 30 99 44 47 44 9 136 121 93 180 127 12 42 72 30 54 102 26 73 161 131
 86 94 134 74 63 123 37 34 164 193 15 57 138 25 118 145 197 117 93 123 63 27 114 97 9 128 103 5 159 65 81 88 146 67 19 106 81 191 171 67 194 180 31 21 94 100 43 125 15 8 86 112 170 67 197 82 131 82 13 30 52 40 47 45 58 196 199 67 66 103 25 75 78 190 189 79 141 160 79 31 113 173 6 63 79 79 191 96 146 47 175 92 34 40 168 50 159 175 44 156
 158 70 69 76 83 39 45 101 6 54 177 12 120 5 185 78 20 85 53 188 125 161 82 195 89 79 13 177 190 195 95 101 166 106 189 73 86 74 85 188 60 46 131 131 163 56 156 178 6 173 80 35 47 94 36 128 12 45 174 36 59 152 165 162 145 155 79 56 147 119 8 103 38 111 111 176 113 98 92 19 160 64 70 178 28 12 129 112 13 49 190 58 127 172 97 60 158 108 117 104
 16 8 83 102 38 163 71 150 180 45 110 22 169 8 26 106 45 92 113 145 118 146 12 10 130 105 167 197 59 164 66 196 70 106 106 46 31 143 139 41 166 155 178 118 41 107 150 178 67 198 129 176 115 96 95 81 156 20 68 197 168 94 83 108 185 37 52 139 32 173 21 132 119 58 72 136 97 135 107 119 38 52 71 31 151 67 79 59 95 136 56 17 141 126 99 116 154 147 115 193
 31 28 44 52 56 93 159 43 100 58 7 168 154 37 127 41 36 86 92 63 13 84 106 45 195 115 108 75 56 39 67 91 20 72 172 111 99 133 94 122 24 105 43 75 98 163 17 95 74 142 153 164 165 43 9 183 140 80 153 193 7 151 102 20 55 19 183 197 97 122 21 107 131 94 174 199 175 75 185 56 154 152 147 159 64 77 155 116 159 23 113 106 6 121 183 7 80 23 116 154
 83 15 41 34 60 60 91 187 22 183 74 62 158 199 132 12 101 59 141 108 43 103 146 57 113 118 118 12 39 37 98 106 73 169 177 122 158 9 37 129 138 37 80 95 151 152 17 190 118 52 92 191 31 151 50 171 193 95 90 197 31 67 55 31 36 68 50 71 42 97 180 63 11 160 194 124 157 158 144 63 121 149 23 58 41 43 145 168 28 71 21 112 122 53 191 159 81 76 35 124
 100 24 173 120 155 20 54 157 37 137 173 194 50 61 76 147 55 194 95 26 81 79 110 77 110 62 13 142 36 151 197 41 198 195 177 199 150 131 173 66 141 178 75 14 171 31 89 80 155 151 61 62 132 130 154 112 155 67 111 114 147 125 143 178 107 188 34 52 85 121 42 98 99 45 158 198 139 130 88 104 8 121 24 16 150 61 42 95 81 179 164 127 165 117 119 181 55 28 116 53
 116 117 148 184 49 172 71 19 91 119 172 81 163 63 58 79 52 24 125 50 81 105 89 80 95 116 90 178 85 99 181 117 59 24 91 127 29 99 134 144 96 6 142 128 180 109 79 55 146 55 103 46 86 119 10 195 107 25 112 170 147 68 12 145 115 120 68 67 124 117 67 123 144 80 110 104 156 110 122 77 172 27 145 11 192 155 104 72 155 42 152 41 19 164 147 123 58 5 93 161
 58 131 120 135 195 67 46 16 32 199 16 131 18 107 75 188 54 28 152 121 151 27 146 106 199 28 199 57 13 160 5 11 116 149 176 55 112 136 198 177 40 61 76 140 45 146 128 100 157 98 40 151 60 67 105 145 132 149 106 73 72 118 158 122 147 162 160 68 152 198 89 98 36 132 15 140 130 157 87 46 142 130 33 105 137 160 35 132 161 55 175 136 154 72 67 97 193 113 171 31
 108 196 29 121 184 67 86 182 121 126 74 123 128 170 21 97 97 51 53 26 110 178 200 161 158 146 121 182 72 149 53 99 105 20 98 59 48 126 85 107 118 156 181 67 151 183 41 7 130 58 99 142 12 160 199 133 11 114 20 65 199 45 83 134 73 142 7 80 74 71 125 53 53 130 125 158 35 67 90 33 152 179 110 122 37 193 66 92 110 196 167 90 9 30 17 91 49 116 78 49
 179 19 138 25 179 158 51 75 167 174 21 108 36 69 77 80 22 173 16 103 182 10 156 66 167 110 137 69 69 122 165 16 45 22 50 141 131 182 104 176 101 99 79 193 82 11 79 71 78 41 134 22 13 40 158 107 59 46 98 78 112 103 15 119 134 164 70 138 92 155 49 118 34 102 142 80 100 174 70 196 153 195 136 41 14 142 151 98 19 22 25 79 33 110 48 83 125 29 145 122
 178 73 78 10 164 112 150 17 116 72 49 113 100 135 156 155 165 11 165 188 27 76 106 123 34 40 155 168 119 13 193 65 198 27 22 189 192 46 43 142 130 81 177 23 49 84 119 170 158 198 189 45 128 100 64 161 147 128 165 110 67 170 82 179 82 85 8 38 45 11 19 44 107 53 117 53 156 39 77 15 118 38 200 193 28 58 24 29 121 161 34 173 118 98 7 178 77 140 95 36
 139 99 121 84 37 17 56 186 173 67 18 135 96 162 28 150 126 153 94 147 49 15 65 59 41 70 185 75 73 64 95 30 125 198 117 88 16 122 140 68 122 188 199 96 25 159 46 123 114 147 168 110 140 151 37 13 150 46 34 194 26 156 115 75 179 104 20 138 89 92 128 151 110 147 120 171 68 180 31 167 153 47 31 110 123 8 61 110 168 75 166 194 187 138 146 62 125 120 43 87
 151 91 29 131 131 136 180 35 29 116 45 86 184 136 50 111 145 83 159 54 140 140 140 179 143 155 142 174 132 104 9 94 156 82 126 120 76 161 86 100 153 189 183 136 114 157 168 156 133 87 111 193 137 123 168 178 32 47 125 160 83 106 18 145 191 149 196 19 65 105 10 133 112 161 162 29 155 99 37 172 168 199 8 74 95 153 89 133 62 185 24 160 116 83 108 49 168 143 48 177
 19 173 145 118 142 88 142 133 115 141 69 6 170 130 46 65 116 52 48 165 102 26 173 110 189 122 72 16 126 142 56 198 200 24 168 187 133 33 81 135 54 168 20 147 152 104 61 169 101 92 24 46 42 21 7 180 52 48 16 111 185 8 51 196 23 142 182 181 152 61 69 192 121 8 105 100 119 79 69 44 28 92 155 5 119 164 132 105 50 171 111 10 10 55 150 167 5 180 43 98
 55 108 168 69 173 46 7 75 16 152 68 27 28 41 123 25 88 74 92 175 180 131 53 9 171 39 116 14 11 149 25 100 188 126 31 31 154 196 111 118 174 38 109 162 185 48 70 163 95 23 96 57 44 149 183 12 150 137 125 197 152 95 137 110 72 188 71 112 33 183 130 140 45 141 125 140 167 154 136 111 137 130 109 42 130 200 137 74 44 135 80 6 172 196 69 167 102 81 163 31
 23 18 77 77 176 33 154 117 196 68 64 59 44 75 182 112 163 48 187 81 80 115 94 166 91 156 50 123 80 62 68 39 12 81 57 125 117 68 132 147 102 183 44 156 129 187 112 94 156 75 55 71 128 103 154 118 125 139 65 13 39 176 102 79 114 154 52 124 78 7 100 151 126 178 98 115 199 165 97 68 175 108 82 41 184 106 14 120 74 19 148 56 27 121 41 164 172 82 46 46
 60 120 143 55 200 179 160 44 118 174 174 59 41 114 109 86 28 80 5 187 108 128 54 95 48 136 180 185 176 84 194 105 61 140 53 36 26 119 182 98 86 55 73 18 188 75 42 39 84 88 81 28 17 150 145 150 6 168 54 147 21 18 20 74 10 18 158 156 195 185 128 60 148 189 118 193 43 51 42 24 89 155 175 13 44 127 179 27 8 184 109 179 62 189 84 64 168 107 193 102
 47 121 43 90 165 147 99 41 115 174 96 117 138 52 131 182 42 183 44 110 31 29 49 57 31 70 15 113 87 73 64 149 180 133 110 34 109 122 19 181 64 153 139 173 76 88 38 50 26 5 185 79 156 98 103 33 116 84 76 34 193 109 13 47 156 140 19 162 28 180 175 94 116 72 109 117 121 70 23 105 105 153 113 175 97 175 117 158 159 73 107 65 195 161 142 12 49 45 99 37
 103 190 105 54 47 131 186 86 183 151 147 54 22 182 170 43 69 24 74 124 116 107 20 176 18 95 119 147 160 129 13 156 136 66 90 126 108 100 132 76 72 76 10 173 142 109 25 133 200 157 132 21 178 141 25 137 7 46 100 144 36 67 69 144 31 30 197 178 72 190 58 39 64 171 44 94 54 52 45 101 144 77 95 92 170 128 53 68 15 196 155 163 95 74 87 52 58 171 19 72
 41 40 111 172 74 110 23 149 174 99 199 154 179 56 6 143 102 108 118 114 101 165 106 26 186 50 14 111 155 197 111 108 85 56 27 151 138 33 149 193 161 197 176 192 70 164 39 78 20 71 166 141 138 76 36 81 25 27 189 161 115 112 57 69 91 108 178 173 97 120 197 140 146 28 37 74 93 82 11 179 102 166 57 169 127 97 178 19 103 14 6 200 34 99 159 120 91 119 177 11
 181 8 184 159 170 109 16 33 136 76 90 179 89 190 51 81 93 178 45 76 144 134 131 99 156 116 149 175 58 62 16 40 169 177 137 11 112 129 79 91 154 138 77 16 140 120 118 71 18 128 49 109 147 193 136 18 62 150 147 183 151 66 165 83 72 119 195 143 185 20 113 61 41 142 168 31 192 14 82 193 28 196 192 187 97 179 44 114 191 183 162 129 85 61 51 33 186 189 89 22
 193 111 44 144 104 22 29 191 91 102 82 79 52 126 162 153 115 28 180 77 97 90 6 125 125 25 12 138 73 24 93 104 7 163 192 156 177 88 149 34 31 175 190 76 171 88 114 162 101 69 82 18 31 127 190 125 34 90 91 155 196 107 53 92 124 65 38 89 100 112 55 142 29 197 52 106 192 72 43 50 55 169 196 48 92 45 142 140 72 194 47 121 65 91 103 119 123 85 8 163
 49 33 123 197 127 112 132 65 54 101 182 81 175 118 185 14 123 196 33 43 174 123 133 90 47 66 56 14 23 25 162 118 97 103 58 129 122 178 91 153 13 176 85 14 106 24 76 135 89 161 115 190 83 177 40 83 26 159 27 55 55 74 39 129 112 76 43 145 74 25 82 49 23 134 60 33 94 9 24 67 62 123 58 176 152 23 69 180 152 46 56 154 100 130 150 126 189 148 21 111
 152 157 101 66 138 175 67 42 18 23 165 114 51 200 108 94 51 152 64 57 61 82 168 170 78 175 180 120 37 192 77 187 160 74 20 86 106 169 199 24 190 91 142 67 182 40 168 83 119 173 54 71 178 166 68 94 147 123 70 86 132 48 51 198 139 124 81 106 189 74 75 171 184 71 141 168 149 189 136 143 200 79 173 176 6 159 43 169 128 149 28 13 128 56 172 121 78 134 95 14
 160 105 57 193 160 168 101 81 122 106 118 91 158 155 157 119 7 167 99 169 35 33 191 57 200 117 184 31 143 50 193 25 127 144 8 170 55 152 25 12 44 51 170 117 42 181 78 139 24 105 155 167 141 104 98 128 23 181 171 173 18 34 119 96 126 25 63 190 156 157 78 95 21 110 34 197 24 19 136 66 125 167 65 78 95 47 193 89 198 191 195 184 183 133 126 25 163 199 19 197
 61 115 189 64 173 154 169 58 79 29 186 174 137 93 176 80 115 188 101 122 177 78 59 159 141 115 172 142 175 148 91 85 91 118 68 24 199 111 97 181 197 67 127 181 100 159 50 21 116 111 33 66 6 188 116 118 188 164 109 49 189 14 136 66 60 42 62 177 102 170 39 200 152 23 159 172 61 18 23 199 92 119 83 182 42 34 7 115 85 181 61 185 146 27 85 53 180 152 143 108
 142 146 99 176 176 186 127 102 163 86 24 9 200 119 18 18 101 46 48 90 58 170 195 194 123 32 170 73 12 182 35 166 184 27 63 88 182 97 69 11 150 95 147 63 125 14 120 163 146 162 80 25 38 44 127 107 53 71 78 47 81 115 130 174 116 167 158 14 121 184 48 141 169 112 70 110 44 93 120 14 172 159 191 150 23 135 51 23 142 74 144 6 17 141 119 190 155 137 80 136
 28 196 64 143 110 33 57 67 45 8 89 28 10 159 160 200 196 76 141 61 118 17 159 41 170 24 183 185 158 18 72 148 85 198 13 33 74 107 196 104 25 8 7 13 124 39 97 118 150 190 123 6 70 150 100 125 143 103 62 98 162 119 154 136 8 199 14 84 74 161 188 118 73 188 69 168 52 196 48 124 113 19 97 123 186 142 25 12 190 174 132 118 172 70 111 174 168 175 92 91
 147 62 142 154 111 16 131 166 159 165 96 94 80 6 160 28 199 120 155 187 61 137 55 70 90 97 133 198 186 134 46 36 7 96 30 154 110 169 164 140 106 169 97 59 136 36 111 73 102 156 36 121 160 110 93 147 55 111 75 98 145 137 71 89 86 70 148 150 152 40 110 63 18 68 200 158 74 11 168 87 45 102 18 73 16 144 106 190 53 186 123 198 30 70 141 83 20 65 97 24
 168 177 163 99 164 143 43 42 102 181 132 118 35 87 71 59 74 32 16 157 167 87 182 33 79 77 12 167 99 93 28 158 75 178 185 52 168 79 66 141 78 108 132 182 31 26 129 22 129 10 98 176 107 30 33 102 200 193 181 10 148 11 107 70 94 88 51 101 150 18 47 68 178 181 100 196 123 37 29 26 76 27 54 151 50 9 51 26 74 41 86 44 173 168 176 180 193 43 31 85
 134 147 90 43 186 115 57 95 185 93 158 19 99 140 166 195 125 136 23 192 12 161 64 36 61 72 152 154 109 72 45 151 164 180 39 122 99 164 10 132 107 144 164 83 99 77 28 32 90 123 167 22 131 18 194 7 94 166 92 14 13 126 19 194 20 34 49 49 119 45 40 123 127 18 166 196 131 142 89 9 145 101 47 147 43 126 129 15 68 188 78 61 56 17 9 189 168 109 22 127
 76 84 85 76 132 98 119 101 195 173 109 169 36 125 183 127 98 19 142 37 160 152 23 80 184 40 161 111 14 170 44 36 31 103 136 65 95 94 86 105 158 166 62 118 151 95 180 146 78 127 55 35 148 25 114 173 107 69 26 126 193 44 118 74 162 172 44 84 56 80 91 119 125 158 22 27 24 34 28 84 170 59 163 135 89 181 79 66 126 113 43 20 153 118 47 118 143 148 120 49
 10 54 127 95 61 105 54 200 178 63 108 90 25 168 19 71 112 189 81 153 135 141 97 21 15 196 85 8 57 149 154 195 106 83 9 11 47 81 27 106 122 60 49 116 45 72 175 200 90 142 136 139 123 196 17 113 9 24 161 156 119 137 182 159 146 48 132 71 103 72 55 13 147 29 64 171 98 148 58 117 91 65 72 80 51 49 155 161 71 132 129 107 61 121 58 12 78 98 9 170
 82 200 25 90 34 134 175 89 126 177 15 10 62 195 28 65 130 123 123 182 114 143 21 160 107 149 130 105 12 18 96 45 110 27 124 34 61 68 200 195 188 121 19 8 163 9 190 12 100 180 171 8 26 15 101 164 26 72 63 155 57 34 168 174 62 88 156 106 180 164 20 161 46 131 110 11 32 100 27 142 100 123 98 114 164 115 34 58 68 169 130 114 134 200 84 82 57 93 63 192
 52 40 184 39 84 92 90 116 166 156 34 152 73 39 80 90 38 20 20 14 200 166 97 37 10 154 122 73 107 155 133 38 145 117 112 199 148 105 193 108 135 85 190 138 54 91 162 127 181 48 197 193 53 138 12 7 79 53 146 146 49 160 84 140 197 170 166 113 92 39 178 68 33 39 109 23 19 63 19 106 82 154 17 40 113 92 32 52 86 77 83 31 118 49 34 185 123 136 123 112
 143 178 123 79 44 116 84 15 186 40 39 122 78 80 156 73 146 148 187 137 123 140 164 194 24 123 118 199 71 189 160 170 154 117 196 53 161 147 12 16 198 85 25 97 158 91 190 92 10 122 119 54 153 136 96 88 79 40 144 185 125 8 88 121 47 69 81 174 183 55 86 13 13 160 62 122 168 112 50 191 157 187 21 149 161 194 185 33 17 146 61 193 83 162 11 6 148 102 187 145
 10 84 25 17 189 114 159 78 117 185 168 22 123 178 179 15 159 183 29 179 119 180 112 39 179 121 193 199 10 83 151 41 177 142 133 146 10 146 152 145 139 47 23 79 7 200 25 185 157 39 56 87 41 36 93 200 83 66 92 48 135 119 55 107 53 130 10 24 140 162 50 193 157 194 157 46 29 190 145 185 195 71 125 133 69 190 48 44 195 120 53 41 19 5 96 74 75 115 51 76
 95 87 184 104 30 172 96 86 76 190 83 188 137 121 172 33 144 101 183 22 193 50 48 132 76 151 18 185 101 183 152 16 157 158 131 173 17 15 130 95 113 19 152 29 141 106 155 145 105 151 47 130 27 171 153 129 175 88 193 170 173 180 115 118 84 111 97 14 180 32 143 158 99 9 145 77 173 60 97 121 90 84 175 57 15 67 191 122 57 45 183 103 195 132 28 72 180 47 122 7
 10 172 122 18 143 57 44 128 9 47 19 52 105 117 27 160 13 131 152 137 163 170 115 108 190 84 111 5 113 102 157 101 20 192 189 99 154 105 192 178 94 125 198 175 102 74 91 85 54 11 171 66 193 53 149 26 11 94 101 75 194 83 8 48 163 130 17 61 14 154 147 117 101 199 89 166 177 101 184 122 31 87 155 65 141 107 178 67 16 135 186 182 189 18 162 21 61 24 57 159
 83 113 120 183 149 17 118 107 102 90 114 67 79 32 122 98 56 97 172 16 86 101 165 145 15 113 15 24 177 32 51 52 163 140 176 157 130 187 136 85 134 73 182 200 127 81 86 104 109 65 45 14 186 148 38 74 82 48 169 19 86 66 156 165 113 161 77 29 54 191 13 166 149 49 143 138 9 41 180 18 19 79 157 5 86 76 28 181 130 5 123 147 15 137 107 147 113 39 19 83
 70 123 83 66 118 71 74 192 34 159 86 5 198 156 74 26 145 192 28 78 76 100 16 176 70 24 84 14 57 35 122 179 99 9 193 142 26 193 31 197 57 135 154 22 163 74 72 179 133 75 134 179 85 163 5 117 131 198 150 93 106 85 174 143 39 24 154 39 106 33 170 189 197 132 154 87 174 61 22 191 123 155 150 53 174 62 95 86 94 92 124 95 48 196 148 188 98 153 112 158
 96 24 44 161 65 127 112 190 53 30 45 176 19 160 71 140 135 7 100 39 176 66 102 132 170 200 15 71 170 39 121 186 10 153 101 178 55 49 102 43 102 33 135 70 100 185 144 101 139 67 31 46 149 140 59 96 112 182 124 18 152 122 172 77 186 105 166 26 5 65 153 141 189 104 189 168 198 15 86 48 37 83 72 178 21 47 8 163 79 57 11 80 52 120 180 154 17 39 142 162
 129 69 180 67 33 105 84 78 176 44 57 57 120 156 167 185 182 70 98 100 48 40 183 102 55 118 150 135 38 143 83 86 25 123 41 169 191 22 128 161 30 118 63 10 123 145 18 175 149 110 29 8 117 112 112 16 74 27 137 147 186 10 152 134 155 131 141 23 11 154 171 196 121 185 28 159 42 77 5 199 25 64 52 183 10 7 138 104 129 178 60 51 25 36 183 6 85 74 111 109
 21 64 190 33 102 48 63 57 20 53 187 8 109 105 60 16 181 86 105 47 147 194 180 132 115 9 103 26 74 169 138 85 116 137 164 49 30 196 95 167 61 90 120 196 24 185 197 189 58 124 106 186 116 81 27 44 147 70 37 81 30 88 112 121 60 193 124 59 182 10 58 78 40 94 36 179 142 184 95 144 103 177 175 53 149 166 14 120 187 131 193 185 194 13 193 158 131 54 41 129
 200 83 56 117 167 67 88 140 104 134 176 187 91 22 50 79 143 124 55 77 156 169 171 142 70 169 125 30 13 152 79 5 150 18 180 142 104 116 70 55 126 59 31 180 153 13 165 199 199 16 174 17 19 68 176 176 200 34 140 29 142 175 27 131 26 98 112 23 55 43 132 70 153 63 147 51 120 125 72 161 140 36 16 190 160 140 191 167 170 140 110 168 44 21 181 155 132 149 189 180
 17 84 117 131 164 166 151 29 143 45 111 132 167 28 19 124 98 46 108 196 164 145 40 11 196 191 24 123 197 40 40 183 185 145 171 104 126 170 5 26 148 148 172 120 45 175 19 160 42 65 20 198 73 80 38 92 81 22 87 183 184 185 6 152 183 37 51 22 98 80 159 23 28 67 148 129 199 79 149 130 51 25 135 197 26 80 106 177 141 168 22 106 70 19 142 176 89 108 137 58
 48 81 127 157 49 78 189 76 39 99 83 186 108 183 189 52 130 104 5 142 87 25 47 24 174 175 77 40 189 170 20 142 44 48 18 71 21 149 19 104 82 15 76 56 189 165 113 39 27 42 5 44 165 70 155 199 28 119 174 47 25 82 52 28 163 77 184 25 117 146 139 103 111 53 56 6 59 52 110 37 174 163 77 98 166 84 193 169 23 149 161 30 37 11 54 183 101 165 75 172
 32 60 109 63 130 9 183 165 117 43 60 103 84 102 191 143 33 77 127 102 148 25 73 97 82 173 131 24 168 80 67 166 88 59 106 181 41 107 185 12 120 83 133 41 77 94 10 186 199 71 32 65 169 25 57 82 154 186 15 143 63 17 198 16 76 95 146 73 43 47 181 114 113 100 123 5 48 43 77 102 39 122 24 199 32 107 72 95 14 68 196 193 84 21 102 188 48 148 57 137
 191 115 54 89 158 94 96 80 87 171 94 10 167 23 75 141 191 192 193 166 177 193 50 7 25 51 8 54 32 32 181 52 25 135 56 19 67 68 115 50 154 157 156 99 40 198 36 191 192 45 148 55 73 123 27 77 40 7 175 99 79 94 56 170 46 160 86 25 197 137 22 95 163 149 199 111 86 21 169 199 56 185 184 89 196 132 79 178 181 110 5 92 45 117 72 87 20 120 80 111
