35
 64 56 5 83 78 48 87 33 8 94 35 32 92 43 23 24 95 1 51 25 19 21 62 20 3 13 10 99 26 2 98 60 83 81 42
 59 82 47 8 19 38 16 52 97 34 1 82 22 23 21 2 94 18 91 71 30 82 0 0 49 89 43 65 72 39 59 77 37 32 72
 24 33 29 94 73 99 30 57 71 14 52 28 42 36 71 68 49 52 37 54 51 62 21 92 37 75 11 77 35 24 46 39 11 30 22
 97 73 10 34 77 96 16 13 80 19 86 33 76 99 60 39 17 66 24 15 72 93 20 28 39 9 9 21 17 38 96 71 95 81 100
 76 2 22 61 21 33 58 36 86 100 60 87 94 46 91 25 30 95 41 50 97 96 49 70 61 68 42 92 81 97 49 22 83 48 26
 7 65 39 12 52 7 11 65 74 52 31 12 67 16 62 24 45 87 8 16 90 4 75 9 89 76 89 81 56 94 68 39 26 40 51
 50 16 21 5 7 74 1 99 44 74 71 42 4 56 0 73 80 22 1 47 67 49 87 20 41 75 1 11 62 61 34 77 23 59 79
 15 42 66 3 90 71 71 98 96 5 60 56 82 8 56 94 80 57 41 90 73 67 60 23 6 85 97 5 47 26 35 65 64 75 78
 22 45 47 8 100 27 21 11 18 64 72 23 52 27 39 74 87 86 2 88 33 47 87 34 13 1 9 19 64 45 3 21 32 51 60
 77 36 14 12 37 55 73 97 3 56 15 62 51 74 42 53 34 60 37 10 39 96 76 51 54 25 38 51 81 35 59 71 9 55 75
 78 61 58 47 53 86 45 0 8 32 90 29 86 3 26 67 29 73 4 59 68 74 93 23 38 47 3 5 81 19 80 79 26 93 76
 64 5 68 3 34 56 15 9 89 18 56 86 18 80 36 99 86 35 43 92 73 46 98 90 49 24 38 80 87 79 93 16 68 28 94
 83 65 45 86 52 34 66 17 29 21 10 74 41 2 16 9 41 12 35 22 54 51 22 7 77 1 7 24 35 6 48 5 88 8 14
 2 47 46 37 23 81 12 100 74 76 19 30 11 36 99 27 9 97 91 73 68 14 85 0 65 5 10 98 94 15 89 4 64 74 46
 89 47 75 4 91 38 31 74 53 19 5 46 89 4 30 4 95 94 17 38 70 51 86 64 4 25 17 95 28 97 51 58 78 98 2
 94 56 42 59 57 12 9 29 7 21 46 68 29 37 31 4 8 35 11 37 10 62 66 82 26 82 38 49 53 95 11 6 7 27 95
 52 31 97 50 79 54 85 93 68 89 69 40 56 50 31 58 70 35 13 87 43 0 47 11 2 33 74 34 98 56 14 68 91 99 57
 83 24 92 47 89 68 94 27 19 57 40 23 95 7 91 33 39 78 28 27 100 85 66 26 65 5 69 45 20 90 3 93 83 62 78
 80 78 7 26 49 27 89 9 76 70 84 45 44 85 70 85 24 34 26 67 85 35 62 0 12 63 10 98 24 70 99 28 38 49 32
 47 33 29 27 20 86 94 58 61 80 80 34 73 58 84 79 83 80 85 82 45 19 42 73 78 2 36 20 49 95 9 24 77 50 68
 19 7 53 18 60 1 36 15 59 48 90 63 13 70 27 20 84 58 21 8 13 75 82 94 48 22 65 46 31 62 28 47 36 9 43
 47 14 30 18 56 61 7 62 46 57 71 98 81 64 43 53 48 72 69 34 76 82 41 14 27 11 28 85 93 28 20 12 25 38 14
 42 43 76 27 69 55 23 85 33 48 15 74 35 73 37 19 93 68 79 19 81 33 10 38 3 24 19 50 69 14 1 54 51 83 39
 17 47 80 12 14 96 82 37 39 33 43 27 64 91 57 50 28 77 51 50 72 76 62 70 52 40 78 90 71 12 1 88 77 76 47
 16 6 58 70 24 54 44 74 69 17 66 97 14 32 55 87 54 69 41 26 70 84 23 59 31 10 78 0 91 26 89 63 55 32 30
 25 83 83 16 30 86 87 59 39 20 38 42 9 9 74 77 5 44 97 81 31 39 65 37 22 3 56 22 4 15 17 60 88 2 93
 14 86 20 29 49 81 93 10 21 16 85 84 80 19 21 39 14 100 25 13 68 31 15 67 10 83 6 38 8 5 28 64 63 65 88
 10 14 11 51 5 68 53 95 76 93 63 56 96 75 24 54 15 85 55 74 6 78 36 20 26 100 63 91 91 2 75 36 89 72 23
 56 53 63 50 41 90 49 80 45 99 10 50 43 32 70 20 5 2 97 62 52 75 67 5 78 45 90 47 46 67 43 1 10 0 15
 70 65 30 49 70 6 87 43 96 57 90 88 61 91 77 58 83 97 82 14 69 1 50 41 80 67 17 85 4 46 59 34 0 66 58
 31 76 34 79 20 25 43 24 94 75 71 77 2 40 14 44 65 14 82 2 84 90 37 1 52 100 70 19 76 38 90 29 84 62 84
 75 15 45 30 61 97 82 8 6 71 88 10 45 88 6 7 74 94 25 98 52 27 55 42 9 76 64 78 43 80 56 56 34 71 80
 93 36 58 4 90 82 89 5 61 28 6 35 86 48 81 60 66 34 46 79 38 91 100 7 17 18 37 26 95 38 74 45 95 63 49
 54 2 27 18 49 9 7 81 74 99 11 24 54 68 84 24 59 57 67 5 98 7 32 94 74 86 65 0 75 28 29 73 57 83 91
 14 55 38 3 0 100 66 74 81 16 67 51 67 44 33 64 45 29 36 99 58 0 81 42 100 64 53 90 63 80 76 46 12 41 14
