20
 12 85 65 49 3 26 73 79 79 67 95 57 11 55 79 64 83 48 100 15
 10 3 15 21 29 82 39 15 65 63 100 30 6 67 79 55 81 15 99 0
 56 52 61 96 56 34 67 22 94 10 61 55 92 87 96 35 78 66 85 52
 43 0 21 93 7 8 72 24 69 60 73 33 18 71 27 18 59 43 83 80
 72 9 84 8 95 19 13 97 44 32 64 67 0 63 91 19 0 49 37 94
 65 94 89 92 89 73 23 47 50 98 51 56 100 50 42 14 42 65 71 75
 59 60 66 71 90 42 19 32 32 84 48 33 55 40 72 31 3 35 98 42
 9 91 92 92 60 59 16 54 56 70 48 53 42 95 2 53 67 96 36 50
 72 18 40 32 35 8 56 88 17 75 33 74 83 62 69 22 63 83 39 46
 25 44 54 10 68 14 43 11 23 36 74 15 45 99 25 55 93 2 80 71
 66 81 69 3 78 78 35 37 100 13 10 37 28 34 18 28 79 41 96 53
 72 87 39 85 24 93 99 51 56 2 28 72 85 76 30 57 74 36 29 17
 92 93 47 98 56 57 44 95 18 58 25 29 24 47 9 13 75 35 65 7
 98 50 21 25 84 95 44 51 32 90 92 98 62 80 36 63 97 47 44 94
 58 61 99 99 38 12 25 18 59 57 93 100 23 6 63 7 34 8 71 45
 3 86 91 77 31 14 97 5 23 59 67 61 39 50 29 56 29 82 22 10
 66 4 77 43 89 31 16 9 1 100 55 57 3 93 11 26 2 72 37 11
 38 100 49 31 74 70 56 8 92 100 18 2 45 49 59 67 93 44 45 15
 49 81 33 1 95 87 17 61 66 74 83 19 13 83 73 60 4 54 75 33
 86 76 35 12 39 18 41 45 48 7 93 76 34 64 3 75 10 93 54 81
