150
 168 34 32 180 79 33 168 174 126 34 169 34 89 75 160 108 41 60 24 110 99 112 149 138 155 80 126 61 63 84 151 51 127 60 24 46 57 156 134 154 46 114 193 167 22 42 134 139 89 143 36 131 132 49 31 149 180 140 89 103 158 184 92 158 45 58 104 107 53 190 45 185 128 37 169 109 114 147 109 53 187 178 107 165 97 152 87 188 44 29 187 67 34 52 26 122 84 27 95 184 145 129 182 188 61 152 72 94 113 112 153 114 162 126 151 169 127 101 165 199 53 135 72 188 40 184 106 123 33 87 192 170 114 95 61 46 43 50 167 136 168 165 171 140 123 36 100 190 80 194
 185 72 144 29 50 146 145 36 75 56 171 55 37 69 149 39 52 96 37 163 109 151 39 187 89 35 183 138 153 69 58 167 124 171 64 112 66 95 108 47 121 64 117 74 22 141 173 163 92 115 50 48 157 106 150 129 34 109 66 188 79 43 161 75 76 75 27 136 153 194 70 198 125 170 83 147 77 148 33 93 166 53 64 188 156 135 49 183 121 39 100 58 96 92 104 129 124 82 156 23 85 56 145 121 161 182 97 131 189 169 90 70 81 69 102 75 28 196 53 144 86 188 118 61 85 195 72 50 136 115 191 78 172 164 173 136 110 175 40 95 162 64 22 150 146 177 123 150 42 45
 154 196 155 166 115 38 183 193 185 128 76 157 79 34 103 99 163 171 59 168 120 73 145 122 114 137 169 169 80 21 127 110 44 28 54 34 146 154 26 133 126 187 47 155 164 132 59 118 185 89 117 59 44 34 106 41 52 73 194 90 101 189 165 128 54 56 83 161 160 151 113 191 125 74 196 172 94 118 146 89 166 194 83 62 177 50 64 72 146 54 158 120 117 162 174 110 122 149 191 26 31 153 153 184 58 117 155 116 93 138 197 179 136 81 175 112 163 29 62 173 155 64 92 82 163 63 26 110 55 96 149 70 135 176 86 114 193 104 154 113 52 56 128 177 85 29 90 131 96 128
 46 199 71 54 69 56 51 74 88 109 165 194 74 166 186 158 103 118 108 132 79 125 28 23 127 99 177 179 185 195 186 132 73 24 120 190 130 52 32 67 117 158 158 149 93 187 179 24 73 107 123 51 27 173 173 50 55 83 99 138 151 143 26 90 156 82 65 83 112 76 115 47 98 104 84 200 68 112 48 30 147 117 127 114 134 72 30 178 192 166 166 160 44 27 115 118 53 159 166 111 176 160 44 124 93 163 33 76 162 186 72 58 174 182 143 144 28 109 196 58 42 44 149 20 108 67 58 49 142 48 71 38 194 147 56 127 134 23 199 85 152 134 36 84 155 139 113 87 192 160
 187 50 108 178 155 148 23 39 104 55 123 171 49 43 155 70 186 168 198 119 23 196 187 75 27 173 133 92 128 30 70 109 149 99 176 142 175 67 94 171 61 72 77 46 41 43 148 119 123 118 171 71 29 127 92 184 42 42 117 48 111 179 92 57 168 103 66 156 120 69 191 159 141 152 172 40 22 117 120 134 192 100 181 132 91 35 48 70 122 80 165 169 181 47 95 72 67 35 191 85 98 72 163 74 197 115 31 96 123 111 102 83 106 67 124 193 186 95 21 95 67 88 134 116 22 27 191 156 99 60 56 63 142 131 56 145 153 93 127 188 170 187 108 51 110 89 92 105 64 42
 64 151 110 188 48 141 34 110 187 124 91 109 55 57 51 154 120 132 151 128 71 195 193 24 105 195 80 77 20 161 120 46 134 126 80 139 83 52 122 74 99 116 79 41 184 25 151 92 123 137 139 103 115 194 104 177 139 106 87 101 90 121 102 22 54 161 107 119 185 155 56 193 198 188 62 108 163 147 176 165 60 64 138 40 135 145 170 135 127 20 47 70 154 24 87 37 190 152 174 200 158 38 91 143 182 33 182 112 43 103 85 97 63 64 63 187 66 88 50 185 148 83 98 185 34 52 76 115 105 123 60 122 39 82 57 149 60 49 185 84 196 104 146 164 81 131 95 180 171 41
 50 124 48 149 107 158 37 183 54 76 169 74 111 126 170 133 147 50 31 152 30 119 38 188 58 74 177 72 61 139 114 128 21 121 61 154 130 159 115 187 106 100 27 21 118 108 184 39 80 143 31 62 135 61 141 55 91 35 87 75 123 167 64 183 24 135 198 172 118 121 140 196 76 29 141 67 151 55 32 34 136 80 89 104 28 52 34 56 54 68 96 138 63 161 22 92 22 104 30 111 74 84 105 30 167 88 51 123 44 131 198 180 167 199 43 160 55 187 193 58 162 124 168 168 123 81 168 39 32 124 66 149 108 200 134 153 150 141 30 46 70 190 180 20 175 68 176 79 50 70
 92 121 196 35 92 39 168 196 181 91 155 41 34 84 106 161 92 61 140 142 122 150 159 176 118 113 36 105 33 84 48 195 100 30 195 148 90 121 23 131 21 125 56 39 89 127 136 139 83 128 35 89 102 178 115 155 181 29 105 184 126 175 182 197 172 51 74 193 138 111 196 22 197 33 133 102 105 24 162 83 116 200 177 185 92 49 39 165 134 148 66 90 43 36 104 76 130 177 181 123 171 196 93 82 168 90 40 96 182 75 28 100 52 199 81 86 101 26 97 123 170 185 159 58 94 171 114 80 111 138 156 136 71 92 118 158 161 90 119 145 66 29 55 147 112 30 47 57 196 132
 199 32 191 62 41 37 118 199 189 76 113 154 68 132 147 61 101 184 73 163 158 23 175 121 151 160 26 194 149 176 46 132 180 166 185 145 102 180 185 150 111 116 43 56 132 36 43 172 105 156 156 63 173 150 160 65 27 154 159 156 199 155 194 173 115 89 97 143 21 166 115 90 102 84 153 182 21 164 120 167 129 101 79 75 58 97 165 28 158 167 50 133 33 172 40 129 102 86 170 54 97 180 161 54 39 177 160 65 183 187 120 53 110 40 37 138 72 57 42 162 130 117 164 122 23 122 59 53 64 92 62 130 107 59 134 165 101 83 120 134 154 123 138 85 105 28 106 62 34 181
 182 108 167 64 107 85 39 76 76 121 53 70 151 47 169 119 166 178 136 115 177 133 71 120 172 178 54 112 173 21 34 119 134 94 113 142 173 66 66 181 30 173 130 136 130 106 53 133 155 162 21 107 27 139 112 96 176 74 138 34 93 173 159 100 127 126 103 81 130 33 168 198 139 33 38 176 191 191 184 60 66 121 55 74 27 197 150 142 73 128 65 103 179 191 105 85 159 175 103 65 62 21 182 106 38 130 52 51 199 69 186 21 191 46 133 54 65 32 29 129 82 165 190 91 39 176 54 113 72 184 178 91 74 108 28 56 186 43 178 115 35 61 181 150 144 161 31 142 76 143
 164 190 22 110 54 122 69 155 162 199 65 27 141 89 147 48 127 200 37 143 115 177 44 117 118 182 190 56 166 36 136 76 123 87 45 78 80 70 101 156 102 124 60 101 94 21 97 68 104 186 98 186 185 32 54 97 143 135 166 85 164 174 126 133 113 116 115 30 147 86 134 150 25 32 58 174 32 153 121 191 157 183 176 199 30 78 104 105 164 128 108 113 187 48 29 187 159 154 116 31 81 127 34 140 128 83 169 106 193 179 46 190 29 77 126 100 122 103 28 50 94 190 25 86 31 157 64 185 108 38 44 197 198 188 65 51 121 192 171 20 133 145 95 44 51 125 53 184 92 174
 175 49 115 32 160 86 184 36 159 32 90 115 153 165 157 33 128 141 127 192 185 22 45 137 78 74 159 129 94 172 80 166 192 147 196 57 108 120 79 39 35 131 147 127 146 23 147 64 25 92 43 72 95 38 41 131 38 128 131 67 176 98 76 50 179 198 164 192 115 81 91 62 122 133 190 44 193 97 174 66 121 103 151 129 141 190 25 77 179 82 158 38 174 109 105 110 37 51 48 198 123 182 84 26 22 161 70 139 94 122 165 194 190 180 52 101 75 101 189 79 172 154 131 43 124 39 49 195 156 63 67 200 157 193 171 107 161 160 53 49 196 49 53 148 186 153 107 23 37 128
 197 146 41 182 133 126 113 52 136 80 46 32 72 22 103 48 196 170 35 128 29 190 70 193 196 38 69 148 114 167 127 100 66 137 88 140 56 103 155 182 115 91 165 30 133 187 60 77 23 32 36 125 61 126 188 39 60 65 85 100 89 129 49 115 193 64 102 89 41 129 67 45 113 123 184 134 144 134 135 50 106 91 164 98 85 92 155 79 153 58 166 134 46 181 95 166 37 72 39 150 48 198 60 118 177 89 167 117 181 50 96 34 31 47 129 191 66 127 109 173 175 110 197 93 156 49 152 153 69 85 27 182 157 40 111 115 54 49 175 109 155 164 173 113 33 39 68 68 48 132
 137 129 96 39 76 96 139 145 51 41 132 31 57 153 140 109 164 94 122 77 84 79 126 41 165 78 30 153 40 32 175 124 118 73 178 122 137 113 184 165 87 152 133 154 189 151 195 94 30 142 38 170 153 25 155 59 91 187 74 119 134 177 89 173 98 171 57 67 194 173 136 142 89 122 74 78 44 148 101 56 193 75 95 166 189 103 157 34 160 22 116 105 171 98 111 72 153 177 181 86 83 114 193 123 123 94 52 56 39 110 54 108 123 168 169 99 30 87 69 96 168 44 35 95 70 178 56 28 70 178 194 71 115 107 63 124 121 47 71 28 75 179 180 175 144 74 150 116 39 188
 169 31 165 29 105 111 189 71 136 47 132 58 34 116 119 96 30 118 143 112 36 43 106 96 134 50 146 51 131 93 57 28 178 120 25 132 134 107 137 172 174 181 140 79 121 108 103 171 157 84 59 188 147 25 36 99 131 176 72 92 190 147 132 133 69 173 47 47 150 126 64 158 165 70 77 192 194 56 182 96 83 53 83 57 178 158 135 90 193 33 176 48 199 134 123 120 69 78 52 33 47 142 95 188 56 122 97 162 90 99 70 44 64 91 159 53 170 65 173 119 111 135 37 63 127 165 101 116 90 126 166 198 131 23 154 185 96 46 198 138 111 120 40 61 132 130 99 63 159 140
 160 117 68 108 57 63 107 102 56 45 62 24 38 167 132 173 158 109 182 167 134 196 69 98 131 149 191 198 126 191 54 50 130 47 138 119 112 156 164 82 69 156 154 81 193 96 80 128 123 116 61 100 64 96 94 91 40 143 44 121 137 52 80 122 47 179 29 128 159 93 136 135 25 61 113 138 95 88 174 58 121 117 62 118 163 137 33 178 74 128 173 107 90 86 22 37 36 27 150 143 107 171 34 28 72 183 187 195 26 82 31 21 48 125 157 178 127 70 196 31 25 88 23 142 161 60 190 188 136 115 153 125 54 30 38 135 116 149 181 48 139 121 25 31 116 82 64 189 76 149
 24 185 94 34 25 174 161 130 175 82 119 85 84 101 26 57 21 59 54 187 136 157 40 94 49 111 151 139 29 121 150 79 70 80 182 79 38 26 175 110 121 188 122 57 79 81 191 57 42 121 20 86 109 169 101 147 37 65 145 151 133 156 198 102 44 26 140 78 28 42 166 195 21 43 91 40 154 77 101 171 170 57 182 164 150 159 136 183 123 126 167 196 127 188 28 147 192 80 28 89 186 197 154 147 60 81 200 130 67 37 101 100 28 183 178 54 73 127 136 123 57 46 39 170 44 122 84 35 133 187 90 199 176 66 120 24 127 153 100 186 122 125 26 141 196 145 174 93 151 56
 119 171 156 46 176 149 80 25 20 35 23 103 23 98 178 177 96 158 184 146 20 109 135 65 70 192 77 31 185 66 175 63 65 77 48 60 61 63 124 109 74 86 78 76 161 111 181 133 32 58 148 143 135 199 23 31 188 155 67 38 67 112 78 115 53 68 75 48 149 99 136 61 55 180 181 60 104 75 196 192 138 120 24 111 42 27 113 151 173 63 145 172 189 36 23 161 131 77 74 139 141 110 21 115 107 185 136 128 89 73 55 139 123 136 172 99 86 68 132 79 84 139 40 113 197 23 89 154 82 93 75 165 46 118 147 44 43 63 72 41 101 57 99 34 200 50 59 138 184 190
 127 120 78 116 27 175 143 85 136 183 126 55 177 63 80 50 66 66 172 112 189 90 161 46 158 53 185 63 34 99 31 88 69 83 82 197 84 38 119 198 39 160 156 59 82 92 83 26 179 106 197 111 49 91 172 157 179 79 136 157 95 70 179 195 40 191 163 102 55 168 89 56 21 35 138 73 186 83 43 80 23 123 195 180 150 36 24 51 158 158 69 37 187 157 193 52 130 195 152 70 187 35 196 197 86 61 109 93 154 51 131 45 176 116 46 53 139 71 71 87 90 155 138 34 158 76 107 110 30 133 157 123 95 82 168 95 25 147 51 100 48 122 29 98 87 44 120 91 60 178
 178 131 126 173 164 68 104 104 151 121 115 130 121 55 124 49 99 33 72 165 90 193 40 199 51 59 156 164 83 165 137 60 91 36 40 87 159 74 183 48 162 152 130 176 191 28 96 86 104 74 189 103 62 156 28 133 168 68 166 20 172 186 63 153 146 189 175 146 153 151 136 74 137 69 154 168 185 177 59 90 140 22 144 149 63 198 78 53 154 175 89 80 190 33 72 56 29 81 178 22 84 188 75 161 155 195 124 44 173 61 59 69 105 87 125 101 116 60 182 112 152 123 190 40 75 43 40 136 134 175 106 41 128 172 73 147 40 98 74 195 43 58 77 106 65 58 30 50 109 55
 112 65 188 38 167 142 174 35 193 105 100 123 24 66 90 42 132 176 20 79 195 181 189 153 150 55 60 64 57 162 137 71 99 103 154 112 115 102 31 171 83 123 116 72 166 33 164 99 40 58 194 62 70 50 168 183 24 191 155 188 182 189 196 22 30 98 192 43 94 66 37 122 69 26 63 166 183 49 94 147 166 23 110 83 133 168 81 58 72 107 138 131 190 108 192 101 60 186 26 111 140 40 55 186 126 152 90 147 165 39 56 53 77 67 161 30 124 156 87 198 76 80 35 106 92 74 82 183 33 150 66 94 110 165 196 94 41 44 26 136 93 28 24 82 154 171 109 133 97 26
 45 55 92 155 63 138 169 35 174 20 37 39 181 172 36 173 186 159 90 102 55 65 104 199 83 121 74 28 185 118 188 169 22 31 72 86 130 161 104 146 125 118 46 116 80 88 145 115 170 175 128 195 104 179 182 199 151 44 152 77 115 22 193 36 77 116 170 33 129 179 45 73 165 178 101 105 47 31 133 68 59 117 118 141 25 88 24 118 169 58 45 104 89 26 98 173 129 143 38 113 109 178 84 137 33 21 104 29 131 130 126 175 24 102 185 37 136 150 121 164 184 95 172 54 180 105 87 51 70 56 154 109 158 142 46 46 34 29 156 58 125 90 134 130 39 94 148 172 57 109
 56 20 26 134 180 180 123 139 33 49 78 64 83 106 65 164 171 82 174 151 126 170 96 136 128 193 90 116 133 150 120 173 118 94 109 194 40 195 134 95 196 110 152 165 190 111 57 162 168 79 181 88 155 135 74 90 84 89 67 175 73 21 95 110 58 144 110 157 134 22 172 157 108 78 20 31 88 107 37 65 80 98 129 138 52 59 189 86 77 193 67 179 48 32 79 161 130 123 81 188 49 194 81 150 108 113 76 135 80 185 56 101 160 166 92 87 54 48 56 167 83 119 56 84 182 134 35 40 110 59 25 73 151 34 127 178 82 78 149 86 197 75 79 111 122 49 140 106 148 76
 157 72 138 47 172 30 40 177 26 110 181 119 131 157 80 45 176 196 150 155 60 40 22 103 189 144 153 76 157 126 153 62 28 192 71 68 120 104 113 77 109 91 175 84 119 108 36 94 89 28 95 104 153 143 40 110 94 177 47 126 129 92 68 32 47 101 111 126 22 170 147 187 184 30 89 107 26 129 92 135 187 81 136 123 167 88 99 169 22 93 97 21 43 52 184 178 150 87 31 39 135 55 28 185 127 50 99 120 140 199 118 38 56 156 134 118 101 36 138 36 76 176 196 152 112 92 133 148 101 148 163 46 168 91 84 185 136 169 29 136 39 49 33 144 48 141 200 188 51 117
 165 76 32 120 68 156 74 196 41 195 50 109 50 48 107 94 66 51 116 197 149 135 163 147 128 163 30 71 137 104 29 155 58 54 29 125 39 80 200 21 78 112 111 135 41 184 65 178 86 139 186 59 133 64 140 22 48 134 142 41 128 154 100 20 90 73 57 165 86 174 99 131 136 53 81 162 39 22 197 149 117 40 72 180 110 187 40 85 33 104 146 105 156 90 154 184 32 156 155 102 77 29 166 148 47 158 176 157 122 181 66 119 179 37 184 67 153 28 83 167 146 181 190 147 145 96 168 167 125 44 79 41 194 111 38 30 97 193 183 75 185 151 99 186 174 174 36 98 159 91
 141 107 167 85 88 22 77 174 135 130 179 66 133 111 132 24 124 150 21 69 134 46 57 83 148 70 114 140 131 123 113 130 115 42 131 88 100 169 64 169 66 104 178 141 107 197 118 95 43 182 65 169 102 27 200 156 31 190 47 112 116 57 156 173 113 182 108 61 66 179 41 144 150 60 167 53 27 58 57 79 116 35 129 85 155 74 84 120 48 194 129 114 139 33 165 184 83 83 81 192 124 143 102 104 175 51 55 197 178 90 190 198 153 195 21 164 116 21 97 175 180 146 151 64 130 31 184 79 25 114 97 66 192 136 49 48 43 84 157 48 110 88 122 74 196 117 143 123 67 180
 182 170 183 43 175 37 163 26 151 28 156 59 33 97 65 81 160 104 141 52 68 79 82 162 163 113 63 167 155 139 36 65 192 200 45 152 123 83 179 197 71 34 43 106 62 116 193 31 183 189 141 100 179 136 152 158 29 41 83 38 45 50 178 134 21 96 133 187 78 200 139 106 142 85 155 103 41 93 114 70 32 192 171 126 47 165 31 49 32 143 172 127 169 169 188 119 161 135 27 179 84 41 169 86 66 96 176 91 69 182 104 100 79 100 105 31 145 36 145 47 106 65 86 46 108 88 35 118 21 150 48 137 149 56 56 183 141 177 145 59 70 134 112 159 100 131 30 159 113 188
 78 110 35 45 156 165 20 73 188 55 171 27 57 143 136 43 86 60 108 59 137 61 115 78 68 118 166 164 148 115 29 143 91 39 88 185 81 23 98 122 116 120 156 79 36 125 44 64 33 112 156 123 54 197 181 64 66 76 127 28 138 132 120 159 183 27 155 147 163 153 73 55 94 20 176 155 85 58 189 70 115 119 149 178 198 58 176 183 43 117 83 34 172 77 93 146 92 102 74 140 145 168 73 134 91 141 133 190 89 175 152 59 145 138 28 66 106 97 49 22 184 81 109 96 93 191 89 166 73 41 139 99 197 133 133 31 36 60 51 40 183 76 139 75 64 199 111 132 42 195
 175 179 22 121 160 73 80 29 52 94 140 23 196 122 104 164 91 186 111 191 34 58 130 178 57 92 91 83 68 69 177 159 171 161 62 41 174 118 21 116 83 106 137 172 71 121 21 27 162 162 90 158 193 83 129 139 195 63 164 96 102 86 51 94 96 186 61 108 122 179 123 105 64 39 163 197 63 174 183 126 63 125 73 72 50 69 158 159 68 138 26 21 114 58 195 162 117 165 100 172 79 52 74 152 96 122 142 103 169 187 23 146 179 78 62 111 182 160 53 93 64 133 80 157 141 105 62 85 187 127 56 20 113 195 20 129 110 95 200 97 160 47 168 149 122 151 150 81 140 148
 56 57 101 36 121 26 26 54 107 161 79 161 170 40 135 55 168 106 94 199 31 121 130 122 67 80 193 78 67 59 32 55 144 200 200 111 125 40 65 84 121 31 182 39 33 27 198 151 114 193 106 52 168 24 134 109 43 160 95 89 38 32 84 163 117 130 99 42 24 194 103 105 140 27 197 40 66 60 98 144 193 187 24 183 51 85 75 63 193 122 199 52 62 105 43 126 194 196 135 57 27 122 66 139 133 54 119 196 113 183 169 113 55 190 114 81 192 184 133 129 139 110 37 70 88 155 144 108 39 194 22 40 161 160 32 49 94 66 177 60 169 21 114 88 69 80 108 150 46 61
 52 53 124 92 160 197 168 179 36 195 136 138 58 193 191 28 155 115 159 88 33 151 189 29 41 159 141 109 108 193 30 110 107 176 134 108 73 173 79 151 30 129 160 131 40 154 101 150 138 67 51 200 58 76 49 137 45 138 54 127 186 190 174 42 82 143 115 57 57 128 195 75 33 35 25 158 134 136 135 143 56 183 146 131 31 48 69 112 103 192 107 172 165 161 50 66 192 68 105 23 148 24 173 163 192 69 60 187 198 148 199 41 52 92 200 168 110 92 102 111 85 81 43 186 90 183 100 196 141 122 155 130 30 187 66 33 172 180 121 109 42 92 42 45 90 113 102 146 200 158
 47 179 112 110 61 26 34 142 139 194 34 44 147 161 23 185 125 105 100 107 147 107 130 199 167 110 134 176 95 155 87 37 105 114 49 196 24 181 67 50 65 128 89 106 127 146 67 98 157 82 196 63 75 149 167 172 34 89 73 64 134 162 169 129 142 176 104 174 53 27 144 135 190 103 112 41 77 37 168 160 143 112 40 192 47 72 128 43 128 95 112 151 91 124 62 192 68 160 108 54 117 175 168 88 116 159 88 102 79 28 92 24 43 77 93 64 96 171 57 76 105 123 51 125 194 45 31 139 67 122 141 88 162 49 38 54 60 22 173 135 158 167 148 61 123 26 150 132 82 121
 131 137 71 176 21 47 106 39 190 80 26 194 90 39 123 178 145 69 64 58 137 178 173 126 199 79 152 33 31 180 186 26 138 104 28 188 30 181 44 173 122 127 131 65 95 169 125 138 154 187 172 161 58 79 121 43 65 141 168 142 180 83 166 93 82 20 53 97 25 159 29 38 116 173 161 116 74 171 76 156 138 171 81 55 78 98 68 68 87 93 132 106 38 131 68 145 124 162 149 150 173 111 164 169 118 146 35 50 44 172 22 55 57 22 65 67 72 31 140 74 79 125 98 118 105 49 171 133 23 80 186 161 151 168 92 94 70 186 192 74 66 142 150 40 141 45 145 173 28 126
 120 48 178 189 71 145 158 32 131 105 102 134 98 52 137 98 172 24 96 68 48 31 157 27 86 98 185 30 82 38 137 97 189 180 49 30 136 32 175 123 38 107 120 26 96 96 174 76 193 24 27 144 148 90 140 40 158 35 189 54 69 107 124 153 183 153 107 78 68 176 167 24 48 40 137 62 21 28 141 195 48 48 151 186 32 38 68 99 40 27 23 52 58 125 146 156 63 22 141 193 72 173 174 78 32 33 130 60 145 64 168 87 149 66 23 116 153 43 145 191 87 130 87 196 162 178 34 108 100 79 54 95 65 102 184 59 160 131 163 81 145 32 58 151 152 81 103 193 139 98
 93 156 66 97 118 143 87 25 75 103 198 118 99 94 183 134 200 100 168 187 20 62 128 144 91 198 31 112 93 82 99 36 21 182 126 31 164 128 148 82 145 147 27 77 41 182 69 104 125 79 193 91 95 93 23 116 105 130 54 110 186 188 142 114 123 123 198 145 52 23 195 60 106 111 87 130 189 36 54 75 53 107 103 69 184 161 59 42 44 174 77 80 176 99 185 38 36 185 60 75 69 132 87 87 195 128 173 44 94 59 35 60 137 54 28 72 94 100 135 172 147 179 52 69 111 31 196 85 53 81 196 24 71 69 29 80 157 143 49 133 114 61 102 44 107 61 170 98 139 102
 36 57 198 192 101 35 52 74 88 46 173 37 100 61 51 111 152 21 30 48 91 80 109 162 74 116 123 166 111 84 148 78 70 150 24 98 59 38 88 159 97 41 175 50 39 48 159 184 131 176 188 60 84 159 193 42 22 27 138 168 95 89 90 146 49 54 67 85 84 149 26 52 185 88 88 67 165 171 123 109 162 184 88 127 126 154 20 112 102 64 193 37 127 24 63 59 45 162 124 175 32 188 84 190 111 133 157 198 72 141 61 95 158 36 140 156 128 164 38 98 39 68 189 144 135 64 145 174 105 44 32 65 45 190 78 55 108 74 63 199 120 172 194 123 57 93 188 111 162 182
 53 48 186 200 69 182 181 121 141 110 141 117 150 146 28 78 182 40 67 192 68 126 76 41 100 23 181 156 22 127 22 26 200 39 27 76 93 31 177 180 89 62 111 175 83 52 128 138 155 89 188 63 137 175 197 73 198 39 81 173 77 94 22 49 98 175 137 33 185 122 185 159 80 149 76 56 143 71 72 140 38 145 165 134 181 131 43 88 48 77 150 48 122 119 185 145 199 186 41 29 174 108 26 183 195 183 47 194 165 96 114 72 71 91 187 137 34 158 128 115 177 110 168 102 41 200 104 28 180 86 69 156 185 66 156 151 98 159 158 179 73 170 65 105 170 159 98 168 129 185
 102 90 176 137 132 76 109 123 67 165 187 114 148 111 27 75 117 147 56 96 123 179 181 48 183 185 67 29 121 179 45 56 101 160 178 138 161 100 24 159 162 170 195 149 175 75 177 156 193 87 157 68 163 47 24 56 121 190 62 96 144 151 184 106 165 96 157 150 178 31 83 198 57 57 131 30 153 189 138 31 87 100 160 105 135 108 138 76 170 127 177 166 143 77 93 148 139 168 37 56 93 178 161 140 108 66 105 113 140 167 137 59 153 102 184 147 103 151 196 39 46 197 188 50 44 165 126 111 92 39 118 140 171 52 125 151 169 117 130 82 161 135 189 183 36 39 29 130 152 118
 117 66 73 112 88 179 36 160 192 136 108 132 91 137 160 70 166 162 35 59 107 147 60 91 129 179 90 179 43 193 71 51 21 172 189 156 20 129 141 178 42 151 39 170 92 132 42 74 163 181 152 74 139 188 20 124 118 190 93 181 48 100 187 179 191 103 104 77 162 170 47 149 116 120 92 178 52 25 67 47 87 178 28 82 154 77 199 85 76 152 152 123 185 77 43 52 67 150 169 64 86 195 56 76 162 144 100 186 146 120 38 104 44 186 164 46 60 106 174 153 126 117 130 178 44 85 23 110 51 149 177 122 149 185 120 146 132 44 20 24 119 91 161 134 25 161 88 139 112 143
 80 69 58 74 125 98 125 78 154 50 195 200 198 195 89 48 113 77 152 189 161 61 159 112 108 33 51 108 186 74 101 96 70 60 145 103 184 196 195 173 81 179 157 149 71 196 58 100 24 33 43 113 95 25 75 166 49 190 63 56 24 120 185 120 36 48 39 49 200 155 145 67 20 182 57 149 93 27 77 46 197 37 113 126 64 95 98 105 36 172 86 87 78 80 63 157 78 185 68 28 142 197 136 141 121 195 157 92 62 37 147 164 146 50 104 186 137 23 121 80 150 44 144 91 116 137 90 29 95 124 83 111 86 142 119 135 45 167 166 188 78 156 29 71 25 103 165 66 83 102
 47 107 77 36 59 45 31 104 195 163 198 70 83 110 77 76 197 111 62 50 56 121 120 99 179 198 81 71 171 123 124 72 50 126 70 63 88 144 29 80 147 85 140 48 76 135 173 159 170 92 116 108 88 145 74 176 96 116 166 181 105 28 76 179 125 191 94 142 53 117 76 192 20 49 35 37 39 119 150 185 146 194 135 105 25 181 141 129 156 63 108 122 60 196 167 152 170 50 88 58 157 169 72 120 155 27 30 134 191 56 33 186 198 79 117 86 136 31 191 131 20 89 52 112 160 172 66 114 197 49 200 188 96 35 129 38 106 63 155 20 199 124 116 104 117 197 147 115 78 159
 143 177 194 60 58 34 150 117 140 119 109 135 182 151 30 120 80 196 81 63 119 198 96 196 32 64 142 145 123 155 79 134 116 152 139 48 114 74 188 44 117 105 153 81 181 50 107 169 29 26 190 116 33 102 38 140 174 171 85 134 117 134 119 39 75 187 37 24 97 63 95 71 101 96 84 111 31 22 199 158 60 193 166 183 136 46 146 199 123 186 127 192 23 137 34 70 64 95 62 39 62 36 188 69 169 105 173 23 122 27 88 89 81 85 117 41 103 177 92 92 50 98 137 94 197 77 106 173 147 57 71 26 31 70 79 190 113 39 22 111 30 94 49 122 126 129 29 29 65 138
 109 68 109 70 91 21 152 59 94 147 166 55 28 39 166 60 56 66 172 65 70 148 162 148 36 146 28 198 193 143 183 74 165 57 85 148 185 48 25 80 140 57 110 138 44 150 159 34 122 30 188 106 141 59 178 58 109 200 88 148 98 81 200 198 142 133 38 154 161 200 97 183 40 63 165 138 98 182 151 179 78 138 150 63 86 45 67 74 126 167 36 104 127 180 110 39 64 192 144 126 123 190 24 181 133 42 24 167 27 190 81 139 69 144 47 181 196 108 72 173 150 137 141 73 165 155 200 169 150 156 169 176 109 53 187 80 32 56 184 71 67 105 43 125 190 182 27 135 128 108
 77 119 68 81 145 130 176 55 168 60 196 76 60 126 125 179 168 80 192 102 95 36 132 143 23 86 75 62 87 74 29 187 119 185 143 23 67 28 47 174 86 154 117 85 188 107 135 161 179 173 50 101 160 72 42 54 26 29 22 115 92 88 168 195 192 196 154 63 114 161 69 41 110 37 151 153 153 131 149 126 174 93 115 106 143 86 166 64 191 21 78 165 100 158 69 158 63 183 101 52 146 171 121 164 143 37 166 25 124 83 67 182 141 102 24 90 128 131 153 178 75 116 78 166 156 45 179 174 126 170 77 108 57 129 44 123 96 103 184 189 46 189 140 47 20 137 180 120 76 186
 151 66 166 69 45 23 166 103 84 71 150 74 72 98 178 188 71 41 162 167 34 45 189 180 112 100 69 160 161 81 198 177 192 86 122 46 166 89 78 59 196 47 114 111 97 190 174 134 25 87 41 80 133 39 105 97 136 183 113 84 83 33 195 143 46 71 51 188 125 156 171 127 161 28 20 138 162 21 58 139 143 152 62 103 124 27 197 77 82 173 128 147 188 75 124 107 60 79 169 145 26 79 168 40 47 185 120 23 88 144 63 35 100 173 179 149 39 116 181 35 95 102 131 100 129 151 66 95 169 30 181 170 30 129 100 195 54 151 99 74 40 162 34 165 53 114 68 133 45 38
 95 125 32 26 136 172 151 44 119 96 119 131 153 124 27 85 103 24 120 50 106 178 27 88 98 21 28 137 36 104 160 180 161 30 48 199 197 193 186 80 154 157 185 101 188 79 155 182 81 115 170 99 152 36 168 109 155 112 75 27 65 52 127 74 90 128 160 32 145 77 86 122 90 115 60 96 192 29 41 23 154 198 168 29 114 44 173 80 166 184 160 135 62 74 193 128 99 200 57 85 182 184 133 96 179 189 182 174 111 106 68 85 171 178 160 192 115 135 166 64 160 69 115 132 175 139 41 185 119 50 175 172 58 170 196 164 97 52 53 46 106 98 32 159 180 123 138 31 54 36
 114 62 91 64 187 46 38 90 110 116 36 80 189 25 148 21 35 119 22 176 174 65 150 172 20 20 127 178 141 62 103 188 129 23 149 47 176 148 165 46 199 92 21 24 154 69 96 163 132 190 31 65 190 119 89 197 125 167 56 71 55 83 119 20 130 34 88 109 23 186 109 20 85 159 55 77 165 77 153 65 80 93 111 34 123 42 184 106 30 86 158 29 64 113 193 62 169 162 78 154 157 84 66 180 165 43 21 83 158 20 54 73 199 167 152 165 26 83 142 195 27 158 104 110 75 155 65 165 99 128 186 82 109 48 144 174 34 118 96 172 47 77 31 70 196 38 126 111 59 146
 27 148 34 36 104 65 174 182 35 68 114 110 157 65 161 37 36 178 22 152 129 59 20 135 190 167 100 92 170 126 79 131 126 65 32 103 193 154 33 153 113 97 107 82 168 102 69 147 123 91 188 90 125 44 68 195 63 46 179 81 29 81 190 186 37 40 109 192 181 73 78 24 174 33 137 45 60 133 99 74 60 113 81 157 162 188 118 152 74 110 183 54 40 21 66 66 39 193 186 20 116 199 158 126 182 181 162 168 145 102 148 75 22 90 96 186 34 197 22 181 183 112 159 118 168 134 169 70 129 42 98 97 187 50 60 147 110 196 103 60 42 42 151 58 85 22 187 26 41 181
 130 82 181 194 98 158 163 53 156 52 94 111 89 107 78 161 36 24 36 49 37 97 109 131 169 71 48 137 176 124 129 168 179 181 162 165 144 133 48 184 114 32 40 144 185 71 181 152 166 117 197 192 99 90 65 95 183 103 129 100 117 52 109 189 131 179 126 76 85 191 160 143 80 95 68 189 103 126 191 175 141 106 103 142 37 100 198 55 136 67 41 106 127 130 119 23 146 74 149 78 115 43 72 66 24 69 185 169 48 85 183 89 122 161 142 116 155 152 44 147 130 154 131 83 189 102 64 161 172 124 200 142 139 71 177 125 88 152 40 107 25 191 81 131 191 90 87 44 181 91
 114 83 126 27 72 69 48 84 160 93 132 137 78 33 150 145 142 55 131 95 64 140 78 74 108 90 128 146 191 66 86 107 120 34 120 127 194 52 111 161 113 101 60 194 79 118 59 53 53 66 105 97 191 28 124 176 189 118 89 154 91 30 35 27 131 132 195 48 55 118 87 168 23 136 169 160 169 152 53 45 34 107 30 177 141 56 47 89 36 87 186 126 30 107 126 155 199 153 177 145 125 54 179 121 100 94 144 53 48 43 78 94 93 137 182 46 181 90 58 26 35 137 84 59 133 195 46 127 149 145 173 124 177 103 35 96 164 148 97 92 80 111 65 98 165 151 194 146 191 141
 160 181 195 120 119 70 120 183 146 96 23 185 26 121 80 112 95 65 22 49 171 93 73 80 20 38 62 180 47 49 62 123 134 113 34 186 50 110 123 127 21 63 134 105 199 125 105 31 41 97 87 50 146 127 105 106 20 185 37 139 76 190 77 154 21 194 54 33 155 162 91 121 32 43 50 28 61 48 128 177 111 157 144 118 174 136 45 157 106 175 25 110 32 170 31 69 24 140 37 136 188 78 107 39 184 147 187 86 137 191 187 133 128 156 101 183 56 20 128 195 178 163 96 170 30 163 61 131 63 116 164 177 27 38 71 41 42 180 160 39 145 171 169 184 27 179 113 173 180 172
 140 138 168 89 31 69 178 39 33 38 45 72 182 151 69 131 91 140 91 142 141 160 175 172 61 151 175 43 175 185 190 83 125 30 80 63 36 112 109 131 196 28 33 152 29 64 144 113 41 159 58 40 130 78 84 176 56 129 36 166 24 62 102 43 32 197 145 151 133 122 192 31 22 80 165 107 62 100 29 158 159 149 47 36 148 172 132 119 94 136 79 52 68 62 182 184 98 84 154 158 81 31 61 200 134 125 157 72 40 124 161 133 116 164 66 47 20 82 199 160 196 28 32 109 151 28 25 194 154 45 176 70 23 129 130 183 66 56 115 178 144 33 119 76 115 82 37 63 200 186
 40 155 23 77 108 37 21 42 42 199 122 36 54 135 48 33 144 87 185 183 199 104 45 136 40 95 158 166 127 55 114 199 41 84 99 34 57 37 60 75 26 37 192 129 190 87 127 42 111 51 36 99 121 44 81 52 53 41 92 120 200 119 137 26 163 29 63 52 35 79 120 126 199 31 124 40 187 47 64 134 75 142 79 128 51 99 30 108 159 69 130 102 85 98 145 103 181 154 87 156 183 122 64 142 168 96 182 139 91 60 107 83 117 112 164 78 157 77 137 169 112 197 52 81 103 106 43 158 25 86 75 100 103 127 134 62 124 42 41 49 127 77 94 67 146 56 28 109 188 188
 52 74 78 125 87 83 69 28 84 52 164 165 159 199 117 77 170 64 144 136 31 148 147 34 110 53 34 41 30 182 32 45 56 156 94 80 57 77 108 177 184 191 46 137 119 79 66 200 114 121 118 57 173 122 45 181 186 170 63 191 190 23 55 39 192 158 148 120 58 29 146 61 158 20 101 189 139 187 109 73 70 142 196 135 40 35 190 146 198 109 125 24 127 141 62 163 172 162 72 79 182 66 182 66 179 87 185 48 98 185 114 92 93 118 92 46 195 182 165 114 132 164 119 150 29 142 175 172 49 120 164 39 118 39 146 161 141 32 53 193 183 52 70 27 189 168 189 109 39 60
 34 48 132 20 92 123 158 168 200 105 167 199 115 166 90 170 87 133 145 67 179 44 102 199 127 140 162 141 31 106 78 54 63 47 65 28 74 163 51 114 41 37 119 170 119 72 112 129 99 196 51 101 167 163 111 34 107 87 70 131 155 110 75 79 30 33 111 128 197 67 47 139 37 58 84 63 160 104 200 199 67 32 177 115 80 117 30 137 74 184 58 162 29 186 28 182 82 198 54 78 74 65 120 111 20 165 81 84 20 177 141 111 176 200 51 102 58 147 173 104 41 134 57 188 88 189 138 134 170 176 96 132 197 48 186 71 111 127 146 105 177 55 43 49 191 87 155 60 37 177
 194 177 116 178 83 189 164 25 193 102 145 121 63 38 177 153 116 103 25 174 38 101 58 31 122 59 96 63 178 83 136 65 136 138 139 60 139 70 29 165 78 44 138 191 68 128 175 64 98 136 97 150 167 186 67 102 135 70 170 193 157 108 126 131 35 77 83 189 190 167 101 70 99 112 124 51 148 145 125 152 88 38 109 75 106 182 155 120 74 181 57 66 189 182 70 22 98 77 101 170 180 72 20 192 199 117 67 122 26 121 195 123 101 128 133 60 26 45 113 128 184 120 56 164 119 104 25 176 132 189 186 36 103 125 159 132 139 36 166 77 161 65 188 172 189 102 138 84 177 115
 151 161 35 43 199 131 104 96 193 98 129 196 59 177 82 37 56 68 138 168 62 31 183 169 138 162 96 116 119 180 168 58 110 83 31 190 36 73 158 133 171 47 63 95 113 168 72 164 34 171 29 198 161 166 184 103 127 96 132 193 161 169 33 139 166 74 164 188 48 92 25 113 127 41 52 75 115 146 34 21 51 86 85 196 59 102 118 81 87 191 48 157 68 31 89 198 197 132 37 123 137 95 85 159 48 33 152 113 170 112 75 107 139 66 139 91 25 98 35 85 56 139 61 46 170 23 61 27 199 76 81 147 136 165 134 193 88 124 35 107 174 141 141 47 200 195 181 59 143 107
 54 28 138 52 135 89 71 34 88 136 160 134 64 101 80 60 24 168 33 119 69 128 169 31 33 60 31 137 172 177 33 133 53 126 81 80 42 85 146 167 190 133 181 92 84 72 53 90 193 90 200 87 164 173 170 82 160 189 43 176 151 116 155 160 121 153 24 127 106 144 149 183 137 170 105 153 179 148 186 175 172 192 52 171 171 124 44 58 159 177 135 50 33 146 174 54 119 61 144 198 104 55 181 39 166 121 126 146 63 195 44 97 187 61 120 70 117 152 89 115 186 34 126 34 124 81 97 71 182 90 52 98 173 62 140 177 94 106 180 47 59 81 133 192 177 129 40 48 29 22
 103 57 123 114 123 153 83 174 35 73 34 84 197 182 148 44 178 173 68 144 60 48 67 186 120 25 158 197 157 81 181 140 131 155 24 163 41 48 190 146 143 100 27 132 45 101 86 77 146 80 110 181 146 180 44 33 108 145 192 95 154 129 131 72 63 25 101 164 102 185 117 48 163 150 137 136 142 106 153 91 39 115 74 192 191 109 29 166 79 100 25 55 128 70 21 142 52 164 25 140 95 102 48 178 70 89 35 141 109 181 35 120 49 100 42 178 184 144 197 95 120 149 194 174 120 71 151 67 45 53 20 198 28 20 77 51 83 54 122 157 35 171 170 100 84 193 20 199 88 94
 42 187 185 45 95 97 71 129 195 194 24 34 38 64 71 85 152 68 27 193 113 165 33 184 186 74 182 167 90 31 31 25 160 26 88 74 167 110 121 56 33 148 105 27 67 22 166 173 195 132 188 167 157 118 21 87 58 163 126 116 191 63 126 34 153 110 169 199 129 176 110 51 91 89 156 90 78 125 166 190 100 124 188 36 146 24 39 63 124 196 25 52 51 85 192 33 40 74 160 118 156 141 176 47 146 96 36 45 131 35 79 90 162 155 21 73 138 97 57 193 47 176 118 130 197 93 64 74 85 119 100 194 175 73 173 34 39 159 96 165 133 155 45 49 38 74 116 115 141 100
 63 115 108 20 92 70 48 162 169 55 199 173 157 156 198 168 54 47 76 128 67 166 123 20 112 147 66 51 145 100 146 32 187 190 93 52 40 111 153 144 154 67 59 145 113 151 168 144 104 113 181 67 78 164 85 44 28 73 72 161 177 168 164 175 125 139 64 103 192 119 177 81 156 21 43 131 196 40 24 85 26 174 51 199 141 84 65 162 97 73 90 33 23 137 177 194 103 62 60 66 90 91 23 130 102 134 183 81 139 116 159 113 187 70 48 32 200 177 41 181 75 131 141 152 188 49 133 132 73 169 54 76 119 44 93 73 64 138 73 142 124 105 125 56 53 115 35 100 161 143
 171 61 113 188 97 60 28 140 141 153 107 158 70 127 40 159 106 69 79 34 42 49 173 180 189 116 103 135 104 30 51 71 88 159 160 191 128 188 155 38 69 140 106 172 25 104 58 172 123 138 148 62 151 156 144 179 20 154 115 180 32 46 155 152 192 107 113 163 192 166 76 57 26 190 194 61 135 140 195 156 79 46 60 93 142 93 33 87 52 135 141 45 35 70 163 152 169 116 32 196 82 178 36 133 97 21 173 191 51 64 137 51 181 150 198 120 88 72 93 65 195 116 93 121 168 45 76 141 141 193 32 101 182 130 25 117 181 20 171 93 31 112 190 128 20 77 75 57 115 106
 85 151 165 142 168 128 124 32 115 77 36 33 22 38 93 150 166 146 74 175 23 126 168 39 59 81 86 103 107 92 77 70 91 122 195 68 34 123 95 78 173 175 171 46 38 43 196 102 71 136 195 200 183 178 61 55 121 113 182 105 64 187 46 153 154 116 196 107 135 28 180 43 57 31 162 72 199 50 35 148 46 111 122 31 66 173 146 63 112 70 119 118 86 159 103 169 21 110 116 104 126 129 124 120 69 160 131 96 200 191 62 130 158 32 65 175 115 153 43 57 188 123 192 199 129 26 82 34 61 169 77 155 193 97 28 29 87 171 74 87 36 169 50 62 51 156 93 200 153 102
 194 135 141 64 105 39 91 142 170 87 132 185 66 36 93 152 174 29 167 49 104 92 143 170 54 21 184 169 154 44 74 159 124 79 98 167 113 139 40 28 46 188 39 181 145 57 32 48 115 40 162 150 101 99 105 38 174 128 106 191 190 162 87 138 160 175 115 37 87 119 56 77 39 134 47 56 156 63 199 31 47 31 138 66 167 52 166 200 112 39 198 69 35 99 117 186 102 55 54 24 136 153 191 109 113 43 30 162 111 159 102 94 163 103 197 132 134 84 163 85 121 73 112 178 31 127 124 106 165 74 32 40 141 54 86 92 112 122 179 23 123 53 153 29 67 86 109 99 50 151
 128 46 128 196 47 192 130 63 139 45 35 120 190 52 196 154 141 197 86 175 78 45 200 91 35 93 169 118 79 84 83 125 114 30 31 153 64 124 126 67 97 175 32 101 32 150 178 164 127 157 142 171 54 98 115 199 115 172 56 68 27 102 120 20 115 82 181 141 158 147 125 46 148 89 28 36 61 193 152 188 107 199 190 33 67 47 104 115 195 200 38 149 42 148 63 149 170 76 70 163 79 72 80 83 167 146 57 120 108 97 114 184 103 194 147 111 178 199 165 115 45 140 109 126 73 198 29 46 35 127 174 114 21 116 86 154 68 89 172 37 163 118 96 148 40 181 186 115 97 25
 77 112 48 174 98 24 108 135 36 169 90 170 192 170 159 184 174 29 169 164 116 149 181 35 119 140 151 199 171 72 39 80 57 185 199 109 200 123 111 103 116 170 57 30 83 113 183 49 138 125 91 138 23 184 179 74 191 196 56 137 106 74 115 178 38 184 127 81 145 102 198 99 141 135 147 181 54 146 109 55 126 74 60 30 159 137 47 20 85 181 188 156 133 184 116 107 189 159 197 76 191 73 178 134 60 200 143 72 58 119 45 102 88 95 157 113 111 173 178 181 73 27 81 22 37 26 28 189 53 146 138 100 178 57 128 65 156 128 92 112 90 115 67 130 163 173 112 92 74 65
 153 68 55 29 171 66 26 191 172 59 33 183 193 114 196 155 124 120 43 125 124 51 86 125 155 28 44 65 56 93 183 126 197 102 113 175 120 25 70 130 117 197 45 25 137 72 97 134 32 185 80 69 46 40 66 118 57 182 97 185 29 148 65 30 164 90 166 81 156 99 75 88 91 47 155 25 102 149 99 50 44 175 63 103 42 134 45 188 84 110 83 31 195 68 181 158 176 77 179 115 194 28 166 190 35 190 60 82 41 46 38 192 126 66 100 25 22 183 148 143 137 76 174 167 105 173 179 122 135 112 200 27 97 190 21 116 111 126 131 153 73 104 108 24 46 141 71 35 98 45
 122 44 65 113 145 100 20 190 175 44 185 119 63 61 83 92 139 160 165 171 80 166 116 199 70 198 76 157 135 147 63 89 62 46 173 111 63 87 26 105 122 77 195 61 139 131 118 78 138 47 98 180 178 126 191 70 30 73 193 71 196 153 98 138 130 74 63 43 161 170 196 172 47 193 75 144 140 179 164 197 155 70 149 142 184 200 170 174 188 142 142 150 74 37 35 172 81 52 122 177 82 141 40 173 48 90 96 131 134 138 131 113 34 192 75 38 134 156 85 67 185 156 48 142 138 59 125 45 192 37 110 186 60 150 153 123 191 173 89 60 133 46 138 124 188 136 75 196 87 104
 142 180 36 47 162 151 25 47 96 68 112 175 185 56 188 61 61 159 124 165 170 40 138 188 23 77 127 82 63 62 107 69 144 69 146 21 74 60 131 71 41 198 92 71 80 91 142 99 64 153 182 42 186 172 191 48 77 54 33 93 26 29 146 200 192 199 176 172 24 163 193 153 129 142 195 130 142 87 154 100 40 35 105 21 86 56 173 98 110 117 194 90 193 34 71 143 118 134 78 157 28 138 169 144 180 121 23 104 37 28 44 142 183 58 73 121 98 166 95 80 45 104 92 106 35 175 125 85 60 65 174 146 126 197 194 94 55 72 70 200 118 109 57 145 193 126 78 71 106 56
 195 22 193 72 165 73 135 200 184 52 177 196 106 118 70 41 74 72 114 116 27 65 103 43 119 95 134 152 143 110 192 184 69 124 55 33 127 74 155 91 106 95 20 54 191 65 184 123 195 80 137 160 37 168 93 119 85 105 155 46 120 169 88 26 152 163 169 87 133 93 75 87 163 147 39 116 196 192 89 100 147 111 126 81 85 174 146 77 46 192 128 92 91 68 189 180 65 194 28 108 21 96 127 159 107 69 54 127 56 199 182 52 115 143 183 194 98 85 161 136 177 47 175 145 65 21 32 74 72 53 106 75 148 184 100 115 145 178 156 184 85 64 44 45 186 174 181 110 108 158
 142 133 54 171 25 25 95 135 156 70 40 139 132 71 160 143 170 191 78 109 126 122 108 141 173 137 175 83 30 97 122 96 66 150 30 57 134 92 184 22 109 152 88 84 160 68 114 51 20 135 76 102 182 171 21 94 157 76 44 45 170 55 167 63 157 197 93 160 159 151 105 100 105 53 186 144 175 104 93 148 38 200 54 199 136 93 117 170 128 93 148 165 126 51 126 98 131 44 96 128 80 150 48 139 32 86 72 85 33 197 52 50 44 45 42 32 45 36 28 35 79 60 68 153 161 135 110 96 31 49 191 128 97 185 54 110 163 79 178 61 99 104 165 103 82 112 119 200 109 69
 25 72 122 169 34 139 42 190 85 112 55 30 35 100 66 185 147 148 132 102 143 106 162 119 60 35 35 156 68 41 162 139 40 112 30 108 82 180 82 86 102 43 31 58 198 76 113 145 42 90 191 145 117 102 130 166 184 85 200 74 162 112 107 68 177 143 80 104 97 193 97 113 21 194 188 58 36 22 96 187 67 37 52 168 112 197 121 179 97 200 127 149 124 51 131 68 190 189 116 186 62 193 80 144 86 106 155 91 49 66 184 101 62 174 40 60 68 26 195 150 65 95 92 37 36 46 190 126 42 93 55 21 142 63 22 123 183 139 177 23 162 163 38 50 74 112 57 179 57 63
 163 30 64 116 33 121 167 31 188 38 169 195 152 167 103 136 32 153 138 130 46 59 56 151 195 186 90 189 176 83 115 41 107 37 123 76 154 63 177 60 62 94 149 97 176 167 153 166 40 98 88 183 48 89 65 157 57 23 107 82 22 41 110 101 67 157 156 158 133 90 171 199 120 85 30 76 87 130 173 53 191 97 194 102 140 110 87 50 56 82 21 53 176 115 78 59 36 127 179 95 92 90 56 62 96 59 111 186 97 33 194 111 67 108 113 42 197 148 150 172 97 121 27 135 122 175 99 164 150 182 97 160 126 35 69 133 63 137 106 159 126 98 24 148 170 135 169 187 48 118
 176 58 148 195 155 175 127 24 57 95 29 77 114 184 84 53 115 23 50 108 81 23 142 167 171 187 69 83 183 145 191 154 60 53 65 185 146 52 185 191 140 48 81 98 161 147 91 142 21 27 157 138 24 22 58 108 74 107 34 50 110 35 50 56 199 130 47 42 186 53 176 128 31 134 25 87 105 36 95 194 83 93 158 152 190 85 99 42 195 151 154 44 151 159 66 126 128 120 81 163 34 107 189 129 156 55 101 53 87 83 74 52 43 175 171 198 109 115 191 71 24 189 158 63 62 139 108 112 54 193 80 143 77 62 62 24 71 77 189 58 90 79 61 165 70 125 109 146 193 57
 112 22 107 71 108 36 34 71 49 108 196 40 150 81 61 191 28 177 125 191 107 95 160 116 108 156 64 42 98 27 127 194 160 102 167 54 59 106 120 199 149 59 27 162 67 148 36 31 91 47 63 51 184 110 72 78 44 125 77 130 184 182 160 186 87 31 164 107 185 123 43 200 111 172 121 47 22 71 132 179 60 96 84 31 64 177 175 86 159 95 139 41 59 97 182 42 119 123 179 142 121 178 188 25 100 130 96 87 60 34 28 78 97 76 163 79 25 128 31 188 138 90 189 115 25 50 147 181 199 115 168 172 105 144 198 56 33 144 191 149 174 72 146 32 69 180 136 148 122 109
 88 52 49 128 171 151 133 43 119 50 173 151 32 100 169 166 157 77 65 134 35 36 200 27 140 38 147 28 134 22 168 58 188 164 181 147 107 105 35 122 175 132 179 161 148 37 186 60 58 87 113 25 72 66 157 163 130 151 84 186 124 56 198 103 141 36 40 30 104 47 53 161 200 82 145 40 135 112 22 164 80 83 62 87 161 62 147 38 178 134 50 79 87 46 85 42 89 196 28 188 144 67 87 81 109 103 171 183 52 104 74 169 52 28 155 169 148 146 192 71 39 165 162 166 66 57 53 170 32 151 93 113 86 72 105 67 88 148 42 86 75 39 189 40 186 76 162 115 33 86
 154 133 90 66 130 156 103 193 36 33 72 32 72 190 46 195 111 130 43 194 84 51 132 144 116 198 107 164 95 140 188 186 75 68 86 140 167 181 169 118 50 103 50 160 39 73 70 22 117 125 158 192 152 62 188 175 38 135 105 53 186 131 188 46 42 79 69 52 175 153 183 42 40 153 39 94 142 163 55 59 191 135 170 166 112 146 37 57 73 111 200 85 110 41 154 98 95 187 137 96 103 109 182 63 59 141 123 190 73 62 66 189 175 200 193 77 42 21 85 101 121 84 45 41 176 73 138 98 24 58 139 40 133 62 62 131 102 103 42 42 197 55 70 158 137 113 178 25 100 88
 44 105 108 32 164 98 37 31 74 129 60 169 90 175 101 43 43 134 160 111 187 46 121 36 156 86 36 74 167 166 91 163 97 105 120 182 91 63 139 62 129 98 87 196 98 80 124 60 58 152 111 95 125 160 132 189 57 45 185 137 76 33 103 148 119 198 74 147 102 80 119 74 89 196 142 24 76 162 60 34 23 20 154 161 32 101 189 148 111 32 88 28 194 48 172 30 102 119 200 25 91 174 85 99 129 39 118 130 161 92 189 170 169 147 35 60 89 175 59 113 159 125 74 94 27 88 151 20 129 47 200 93 57 134 65 40 169 143 165 200 32 97 35 56 170 20 115 132 94 23
 126 102 189 66 140 23 46 125 140 67 139 29 99 94 62 54 111 111 154 153 77 74 138 30 73 195 99 112 94 148 105 71 53 69 88 90 41 112 178 180 41 106 121 111 43 90 167 38 114 68 192 197 54 192 102 122 180 41 128 160 152 192 35 51 152 200 69 113 181 156 184 34 148 57 97 121 24 23 182 177 109 147 115 40 171 59 200 57 39 187 55 67 80 155 151 165 191 137 46 98 119 196 40 26 159 173 51 41 111 149 75 168 82 73 22 104 60 130 196 155 163 112 103 40 123 85 39 126 109 140 69 57 121 97 171 39 28 103 64 161 137 73 161 38 169 49 142 158 141 82
 60 138 72 137 171 79 37 34 81 76 190 20 35 186 119 127 189 104 105 179 88 64 111 145 29 178 109 135 189 138 58 169 162 115 116 77 84 78 26 173 52 124 44 52 200 65 72 87 177 55 93 49 198 96 122 45 162 20 26 194 25 150 160 122 79 123 96 114 160 181 158 80 56 188 196 34 52 78 71 115 163 75 186 53 180 199 72 91 129 192 90 142 105 57 152 128 51 25 130 27 38 157 66 21 125 24 61 38 145 65 80 35 22 187 152 91 103 40 156 134 114 164 86 40 186 79 164 193 30 115 42 61 193 166 88 97 58 70 77 178 125 54 98 79 21 83 158 93 46 54
 160 54 73 191 43 195 144 20 88 150 78 77 99 169 117 73 89 133 128 150 134 97 143 130 95 44 64 184 50 146 43 108 188 46 134 108 103 55 113 51 108 70 58 140 89 157 161 122 94 171 177 181 179 70 121 140 54 99 59 191 72 147 151 75 187 29 81 133 70 44 195 46 155 70 81 81 96 71 72 195 131 77 92 23 72 198 187 129 110 62 164 37 165 153 112 95 21 69 21 168 131 116 104 75 112 37 102 126 140 52 104 200 193 57 58 109 181 94 38 64 27 169 136 182 162 110 127 88 65 87 36 83 133 119 62 147 55 24 167 57 166 93 130 100 130 170 63 35 33 98
 170 125 81 27 32 127 22 57 54 154 22 70 41 141 78 87 167 47 142 111 71 166 133 83 150 30 48 159 49 71 110 37 90 107 147 200 120 126 191 130 130 64 90 120 160 125 86 75 198 31 178 167 173 184 182 108 46 57 137 78 188 136 54 186 130 179 55 74 173 197 167 63 182 34 71 69 167 147 87 198 155 138 36 38 200 113 180 173 184 161 128 75 86 192 148 121 186 114 120 164 191 92 81 52 44 38 139 109 57 30 118 139 57 156 61 79 32 151 148 92 138 41 70 56 62 128 134 88 26 92 169 103 60 64 112 50 66 53 200 135 98 134 94 153 82 100 152 146 52 83
 31 181 90 145 109 150 58 38 134 121 158 154 188 146 90 113 137 80 135 179 89 184 33 173 120 67 197 98 109 99 78 140 75 148 169 72 59 174 36 35 130 32 129 173 36 29 141 54 50 138 187 29 125 50 46 153 138 93 104 98 153 180 105 133 131 20 99 153 82 147 158 26 145 54 158 26 69 48 167 121 150 68 121 143 48 139 53 79 99 81 170 154 192 69 71 183 163 57 172 100 140 138 111 135 93 128 126 28 77 147 189 28 117 162 133 36 193 31 134 35 144 125 142 23 80 191 28 92 116 34 124 82 27 178 44 28 131 119 194 64 181 23 190 144 23 44 37 36 169 109
 107 77 162 141 20 189 79 133 89 136 45 51 157 26 93 122 21 88 199 65 109 73 121 162 38 112 66 62 82 168 44 69 94 103 120 24 184 113 115 193 189 109 107 66 163 166 47 196 46 139 83 40 117 43 178 114 48 52 191 193 196 196 51 158 109 102 66 66 54 27 87 50 197 152 58 93 194 195 175 49 45 41 182 155 131 32 180 129 112 41 133 169 103 126 42 60 200 55 154 129 41 159 171 172 162 170 120 45 164 69 185 171 31 181 73 93 113 22 151 151 50 168 74 94 74 88 160 87 38 78 104 143 82 178 150 47 103 97 25 54 157 140 94 47 63 98 71 175 168 129
 170 182 190 46 44 66 100 91 112 68 107 180 60 144 148 79 134 110 54 151 154 53 22 67 158 99 160 41 133 116 59 45 86 24 66 86 66 189 138 21 168 172 22 198 48 111 171 113 23 147 88 191 139 152 128 29 193 39 150 64 54 150 195 56 93 59 83 188 108 148 40 61 63 164 198 197 73 37 139 20 103 126 101 93 196 107 66 133 153 131 55 88 168 80 126 43 161 67 181 83 158 190 34 34 49 81 142 83 173 145 172 145 72 171 140 43 22 91 159 197 137 92 143 128 193 20 84 110 133 171 65 120 96 98 147 198 185 102 178 44 22 66 92 168 80 193 169 90 141 111
 198 196 171 43 132 188 188 105 109 84 86 142 83 50 137 82 138 55 101 180 192 159 62 139 175 30 198 27 165 125 39 194 21 30 104 148 99 88 55 84 138 100 106 151 31 192 92 188 130 105 167 109 155 25 150 85 78 157 121 159 191 198 120 94 140 87 24 148 39 153 72 144 22 108 83 55 191 165 103 98 195 32 146 130 64 35 189 145 199 107 195 193 123 26 145 45 191 186 142 151 150 132 137 22 52 60 196 179 66 133 108 194 95 154 78 191 191 160 187 184 71 176 124 62 109 175 98 59 148 115 82 146 55 136 109 98 136 28 92 108 63 99 145 54 79 131 104 66 68 200
 185 136 106 105 96 168 60 42 178 156 45 41 66 189 181 144 178 157 195 154 36 164 158 188 160 25 192 63 132 101 25 181 129 139 55 194 99 112 42 125 36 25 114 25 139 198 42 167 51 45 48 31 184 192 177 142 191 134 115 199 200 178 24 163 62 100 114 104 79 165 166 87 82 118 157 195 76 156 23 79 153 137 90 124 132 167 148 148 87 43 43 87 103 95 90 84 148 48 200 120 92 96 37 42 83 100 34 173 53 163 55 195 82 96 122 23 129 166 89 121 187 33 67 99 109 22 49 196 108 111 90 64 141 83 96 195 39 150 105 47 83 67 157 145 28 161 189 39 75 113
 145 134 41 114 193 112 167 27 121 45 133 158 190 80 28 127 41 180 94 180 88 115 101 177 62 38 165 99 45 53 139 108 44 27 144 133 164 127 156 79 118 64 177 44 60 118 118 110 142 21 87 92 175 49 117 40 169 30 184 109 128 138 129 81 34 60 97 52 108 104 44 159 43 173 101 157 118 197 198 114 32 146 71 169 85 70 63 27 116 59 180 173 26 80 180 150 137 116 171 199 138 51 156 106 170 80 132 157 23 112 37 79 200 117 158 150 99 113 165 195 125 169 170 21 44 65 85 147 142 170 188 47 130 195 56 24 111 138 75 41 153 51 86 129 200 79 190 133 184 109
 137 125 86 128 138 28 147 60 95 170 107 121 177 145 88 151 133 143 122 180 101 104 160 95 94 131 77 86 33 163 77 195 102 110 109 29 167 109 72 76 129 115 105 91 200 69 77 115 138 198 107 94 150 174 33 171 200 106 64 113 38 200 82 51 142 114 181 147 136 62 64 66 88 25 71 193 147 97 37 154 22 61 157 102 126 81 87 124 40 45 28 189 159 101 81 156 169 120 200 116 118 154 91 43 48 182 159 63 125 65 101 93 102 146 61 53 108 107 91 64 183 107 145 185 137 137 44 44 28 187 94 67 28 118 76 182 138 33 132 30 187 99 107 182 89 63 111 91 179 50
 196 127 143 186 98 69 68 20 93 23 86 48 136 159 129 95 170 69 93 146 82 168 151 86 180 191 67 88 57 131 148 90 172 168 128 196 56 191 117 22 59 143 76 196 186 108 153 126 90 155 94 93 69 150 49 85 131 124 196 155 185 152 35 118 157 144 41 55 143 82 189 122 41 32 23 85 126 174 172 128 183 200 174 110 60 197 192 178 93 200 126 99 167 147 100 127 32 180 118 190 133 52 187 163 179 113 171 136 168 64 81 58 153 103 49 121 147 173 84 57 82 99 180 130 200 103 190 195 38 89 62 82 23 47 57 78 26 153 47 155 168 27 104 85 83 195 127 35 39 61
 117 37 84 133 49 132 176 181 71 134 136 45 75 57 25 133 200 135 48 27 60 132 155 113 110 43 110 130 93 25 131 184 29 62 148 135 63 158 181 125 66 149 55 77 169 149 171 176 175 141 50 157 117 104 71 56 109 97 194 40 116 191 159 156 85 195 110 109 115 96 23 112 171 148 44 117 180 72 165 111 37 69 75 46 98 72 97 87 179 55 138 66 162 85 165 140 45 38 42 165 74 105 155 78 198 148 45 77 171 90 94 134 141 182 44 56 84 149 156 199 123 54 47 81 53 51 47 122 127 103 145 138 80 192 110 181 155 163 168 102 181 49 36 172 127 53 137 60 184 145
 118 96 168 31 134 197 179 40 88 178 61 55 154 37 110 56 161 190 48 180 82 71 191 22 57 168 182 91 23 119 65 145 109 57 42 122 145 78 130 194 49 25 20 58 82 33 39 91 102 188 29 163 76 112 144 132 188 141 192 156 144 64 146 130 179 159 153 25 150 92 54 84 57 192 40 95 95 111 53 103 66 162 95 96 168 190 24 63 192 77 152 96 193 63 161 119 46 50 87 195 145 71 100 192 172 198 60 52 169 159 60 200 58 138 157 136 138 199 56 69 24 151 144 125 175 33 67 120 69 154 100 77 78 146 111 67 32 71 148 135 117 130 55 80 191 186 49 123 188 107
 195 112 146 118 78 99 97 169 131 51 107 195 26 146 161 180 191 132 34 163 48 58 160 133 86 123 119 26 164 28 176 76 125 103 184 171 69 111 147 82 25 122 95 83 163 118 137 86 43 27 200 90 135 171 163 100 48 110 49 165 90 113 127 169 26 194 85 148 187 56 165 82 183 66 156 39 52 174 171 39 199 89 60 199 100 133 87 173 197 79 173 200 112 168 24 188 157 30 130 108 74 78 49 160 105 31 188 158 186 157 110 111 71 178 90 184 130 97 63 21 189 23 61 153 198 89 24 192 195 196 61 34 117 38 70 98 120 143 172 193 127 99 56 57 50 108 172 87 132 177
 22 41 61 131 156 92 66 184 149 70 154 111 36 197 127 68 73 191 199 106 200 60 72 172 67 89 35 80 73 138 141 40 85 196 149 26 27 180 63 59 34 54 26 191 162 66 27 59 122 124 116 176 96 132 128 96 88 115 193 158 83 72 125 38 153 100 160 68 103 128 41 193 85 147 116 109 142 115 89 31 186 113 122 153 56 156 88 51 120 89 169 99 106 62 184 102 74 91 133 143 184 32 168 191 174 58 199 113 67 163 164 113 71 115 135 143 182 198 192 124 189 147 174 58 108 188 48 42 185 56 25 154 198 138 81 36 128 21 71 177 78 63 120 37 110 187 110 128 179 155
 164 86 185 96 169 30 23 90 69 49 183 57 87 130 111 46 177 56 185 187 194 24 194 195 162 108 140 132 134 110 62 155 66 141 154 177 172 127 91 95 145 69 128 149 26 100 40 118 192 112 148 53 31 190 166 86 129 103 187 73 150 159 160 155 173 149 43 71 137 161 73 86 168 127 64 46 21 63 104 23 182 45 182 89 61 26 129 182 56 136 129 75 164 66 80 101 127 173 125 141 66 30 55 23 124 117 155 71 57 76 127 67 83 177 82 167 84 47 40 44 162 69 24 67 32 71 135 88 98 57 76 158 183 42 89 92 107 138 61 79 62 109 30 158 173 169 34 22 39 53
 173 179 179 194 36 78 21 119 32 175 152 74 64 68 174 200 85 121 102 134 162 49 168 122 72 183 94 52 49 135 68 51 142 161 121 149 102 135 63 190 140 77 147 63 25 184 99 163 50 134 117 146 122 39 146 23 178 84 174 160 81 39 189 114 147 111 139 50 98 128 89 96 68 37 146 87 100 119 63 104 34 94 54 44 146 97 149 138 181 164 69 27 122 72 74 58 118 24 72 69 140 129 49 134 76 145 32 91 75 187 172 52 31 41 120 94 44 24 124 169 137 95 134 101 196 35 97 65 50 43 28 194 136 106 63 134 65 69 78 63 110 75 159 29 92 187 174 145 32 97
 100 129 104 88 41 138 132 35 135 196 188 33 150 196 124 151 95 159 90 151 185 165 34 87 171 121 166 164 48 24 191 48 82 153 162 132 199 158 108 50 163 50 179 157 177 146 163 102 136 96 53 177 136 66 162 49 141 57 107 108 102 158 159 167 150 20 50 149 118 38 187 99 100 136 126 43 133 196 127 186 194 120 85 167 41 60 24 162 98 25 95 188 70 118 118 189 92 121 43 44 71 118 154 187 116 198 179 47 169 190 43 42 99 81 102 149 117 93 169 101 164 49 36 64 42 161 146 188 154 128 81 36 197 76 37 23 162 52 185 138 95 130 150 186 23 28 140 62 156 126
 196 186 135 57 111 114 166 134 155 86 143 97 58 177 200 25 172 98 128 60 29 86 182 182 133 176 124 128 26 170 60 115 135 127 64 89 43 93 73 114 66 78 85 91 81 100 100 59 100 176 200 34 60 90 144 145 190 108 200 164 182 137 116 45 120 56 64 125 149 107 122 70 161 59 111 64 141 116 161 20 82 29 145 152 108 163 54 146 105 42 74 161 60 105 75 199 133 184 68 170 99 115 108 87 95 101 157 178 96 111 62 56 42 70 187 155 42 38 65 74 74 38 30 195 81 59 98 20 194 38 194 36 63 78 39 21 131 118 117 71 128 196 35 45 118 156 105 39 77 25
 97 191 162 158 85 151 148 180 71 90 156 160 100 157 159 40 36 197 24 30 98 93 194 76 42 120 67 131 79 33 57 89 99 106 145 69 154 39 175 159 144 77 195 99 93 49 129 70 56 32 163 150 110 52 192 160 95 95 173 79 102 178 147 171 95 172 106 157 165 35 152 127 31 48 190 54 143 169 40 118 57 143 132 51 98 30 188 103 53 108 183 103 138 68 124 175 33 82 200 117 172 128 30 114 41 48 73 78 182 163 145 102 120 195 130 121 186 95 121 68 48 92 62 23 141 25 119 134 68 35 52 106 83 148 29 99 144 119 188 21 86 77 168 156 59 47 152 51 27 98
 154 22 23 191 177 24 40 24 196 142 65 95 83 45 163 44 98 26 81 113 65 139 28 125 159 78 154 95 40 140 155 95 182 21 175 77 167 48 164 152 119 63 46 131 109 163 86 112 153 184 37 139 140 54 53 163 165 165 71 147 96 150 63 22 21 139 111 110 56 52 176 181 68 82 167 55 168 58 117 175 56 108 164 89 120 137 32 172 32 136 193 121 76 163 135 107 172 47 81 88 162 25 151 120 144 38 47 44 37 78 90 193 64 51 110 137 182 140 161 149 155 30 72 55 33 42 170 95 112 177 155 104 129 163 170 133 104 36 52 192 141 175 72 80 127 46 75 168 71 104
 160 40 156 122 53 47 56 20 123 185 60 87 85 107 159 66 138 33 174 49 44 172 78 97 107 155 93 41 46 136 149 178 80 183 148 113 79 69 106 80 72 147 38 71 26 177 51 39 97 28 96 72 47 41 34 176 75 139 168 109 174 23 91 157 35 101 130 108 30 61 96 103 197 92 136 124 162 116 175 181 199 50 153 146 200 159 60 191 143 36 96 167 197 104 75 150 97 103 164 75 95 188 57 60 61 146 134 49 153 114 41 86 189 134 58 118 54 39 41 170 78 31 168 40 78 26 43 146 80 188 106 48 132 68 176 167 95 200 48 41 171 112 56 133 25 160 108 53 90 60
 88 151 138 167 115 62 51 108 105 74 60 41 72 64 118 178 153 21 149 51 192 145 88 164 183 133 39 149 36 23 166 97 186 20 80 128 183 140 184 55 197 100 190 133 85 110 82 188 47 72 157 91 118 113 145 147 60 25 188 60 37 80 34 143 125 105 199 165 153 122 134 197 110 67 81 107 119 91 49 43 41 78 88 168 190 98 177 139 137 188 196 32 129 195 195 139 125 25 129 162 79 21 68 98 159 144 91 114 50 106 137 26 128 113 56 20 72 123 183 40 104 115 50 158 115 170 145 178 82 131 170 128 105 87 73 52 149 164 27 158 120 37 136 144 106 111 137 138 65 128
 49 62 103 82 181 126 115 99 125 62 184 35 173 170 53 197 53 180 183 86 158 193 112 69 42 124 170 145 169 98 117 91 72 66 163 135 89 34 158 118 41 178 69 67 47 98 56 83 55 144 49 53 30 141 130 156 136 200 74 86 140 172 176 164 156 92 68 44 180 99 65 24 183 100 156 102 37 23 174 152 154 178 156 73 88 105 105 123 28 125 56 106 134 24 143 120 97 99 188 24 194 184 45 130 186 53 160 126 110 94 199 142 158 60 32 59 30 186 23 181 97 139 197 101 102 146 98 22 64 168 178 68 119 193 173 82 32 176 121 119 38 96 52 97 128 62 92 82 131 86
 118 136 121 44 184 137 93 82 56 63 21 162 22 114 31 138 164 45 68 165 153 26 96 37 158 30 74 27 62 111 25 134 101 28 103 160 46 164 139 112 167 196 42 81 94 200 30 169 55 112 74 59 187 60 125 177 141 117 28 197 75 76 77 127 46 60 71 158 60 146 99 124 132 27 54 122 41 100 66 186 147 199 162 112 21 156 61 156 93 132 126 111 117 54 24 72 151 195 115 152 190 68 112 28 90 114 37 65 86 106 133 50 120 159 52 192 116 38 122 187 21 41 31 160 132 138 190 192 61 95 29 54 133 50 20 28 189 142 27 123 64 64 80 78 151 173 67 94 71 155
 74 27 23 146 167 66 129 150 123 113 159 25 32 73 123 136 44 47 36 115 182 38 169 31 28 178 155 92 173 183 194 99 151 48 37 99 71 130 40 109 71 68 24 65 183 146 50 82 157 42 100 104 56 164 63 112 180 98 125 20 110 113 45 112 103 127 76 100 72 164 103 177 29 172 191 41 60 150 48 144 52 36 91 38 25 192 36 117 118 116 149 29 70 105 188 119 55 97 96 101 182 38 148 26 76 60 85 189 189 132 146 89 103 127 125 34 76 183 183 184 133 23 56 38 161 134 45 61 31 86 131 121 99 31 29 39 195 136 31 147 184 159 54 71 161 44 47 61 56 161
 109 49 144 167 156 34 119 155 149 166 25 187 94 33 27 171 178 95 199 72 47 190 124 20 123 187 188 56 76 84 133 125 21 193 147 65 120 156 120 43 28 192 57 143 82 46 99 116 183 36 27 108 45 101 44 172 64 101 176 114 144 183 63 125 180 81 91 158 97 111 118 97 87 193 42 82 134 173 181 30 110 34 51 133 180 147 66 91 199 178 175 29 158 22 53 182 50 123 99 46 141 44 186 188 65 116 133 87 36 70 62 119 117 154 58 92 116 141 49 137 188 157 175 118 174 178 119 91 128 60 162 23 138 37 140 121 139 178 82 157 29 140 134 171 26 185 109 118 179 52
 52 180 184 124 124 72 136 108 92 95 45 122 112 70 54 22 92 163 192 55 146 193 138 197 161 138 108 175 81 187 56 23 147 69 84 176 158 186 78 134 192 154 102 193 132 148 197 110 21 130 144 160 76 117 116 26 197 59 53 91 136 50 56 109 47 33 195 102 146 168 113 184 190 104 167 60 128 136 84 137 43 80 23 146 180 73 94 23 155 116 43 125 108 104 87 32 178 155 168 32 116 147 161 102 112 126 74 172 20 59 194 149 53 151 129 158 49 48 181 31 70 59 43 72 57 151 79 131 26 172 104 179 143 114 135 73 27 97 132 89 142 28 183 84 188 73 80 181 120 72
 163 139 170 164 43 152 132 79 82 157 149 145 180 92 113 125 154 61 100 51 106 94 59 85 140 169 54 140 151 114 126 108 197 117 110 119 85 154 72 36 26 156 182 50 141 85 59 124 30 45 190 187 128 165 156 133 60 165 129 180 133 69 171 141 187 199 77 33 175 107 80 159 64 56 47 191 97 172 109 146 147 22 193 106 23 32 104 145 36 97 193 25 180 28 21 113 92 26 81 82 133 72 200 114 101 107 56 82 52 191 46 26 126 174 38 147 60 163 80 76 159 21 124 47 75 108 54 164 133 40 180 92 23 86 140 27 83 101 138 141 35 109 45 144 51 127 60 127 81 167
 112 126 199 55 154 43 110 122 189 127 88 173 187 30 26 86 130 154 188 179 88 178 30 129 80 171 51 134 100 134 196 185 159 37 55 40 48 123 143 111 89 140 53 141 64 21 84 196 140 184 147 140 48 126 110 84 46 113 80 183 58 101 139 61 26 33 76 119 72 22 179 34 44 27 35 167 93 61 69 114 169 52 114 55 89 132 156 188 143 52 76 104 40 154 88 92 112 189 93 134 52 189 166 46 31 125 156 41 187 165 141 43 114 189 88 62 99 99 101 38 169 133 128 178 77 145 85 56 107 72 127 127 81 180 196 106 29 163 174 161 114 53 25 163 102 166 182 150 48 162
 88 194 107 121 157 32 108 187 114 162 84 182 61 156 194 98 41 24 76 121 148 195 98 84 145 150 191 93 99 84 70 115 38 72 134 113 183 167 163 124 96 71 156 93 22 191 140 177 37 124 65 70 167 99 60 168 120 130 65 76 67 36 163 91 91 84 70 152 153 23 180 135 54 132 127 36 40 116 166 120 73 70 120 153 71 156 80 183 181 83 173 129 131 157 113 88 118 20 135 121 161 145 38 137 199 88 157 53 137 56 52 173 41 179 53 96 47 131 46 121 132 130 119 82 26 53 121 54 83 41 94 142 75 65 73 187 119 194 141 103 97 44 119 168 102 123 90 177 150 123
 160 87 142 64 130 106 90 78 113 119 178 171 129 142 170 134 161 85 95 107 133 169 33 24 115 132 187 66 141 175 73 198 185 22 29 200 56 46 118 185 160 82 68 44 83 81 26 152 84 85 53 144 117 112 185 147 62 55 57 43 148 164 192 20 123 196 127 129 46 199 50 71 75 139 185 22 198 177 59 158 86 88 63 199 135 84 118 34 85 109 64 25 93 44 166 125 169 104 33 106 136 164 105 54 168 185 40 113 110 25 66 154 37 173 135 68 51 175 37 171 190 191 109 30 170 139 182 149 66 155 98 139 146 184 83 132 60 33 21 199 179 163 69 152 78 25 124 115 116 112
 20 173 60 67 65 85 144 48 142 73 107 71 173 58 66 115 131 186 97 60 184 49 187 148 103 59 77 59 114 127 118 183 191 73 111 37 27 101 182 69 73 187 63 26 168 23 181 78 97 35 120 35 157 156 172 190 71 157 48 121 128 61 194 81 153 47 89 147 168 69 85 133 90 166 69 173 57 164 85 106 184 124 31 158 91 112 28 132 41 117 92 105 89 184 71 155 24 49 122 190 77 74 199 78 127 47 66 102 159 177 44 114 142 158 105 161 155 97 38 188 60 189 72 151 118 110 98 65 109 60 89 172 126 93 64 73 87 61 64 197 78 35 88 55 110 195 24 141 89 27
 144 197 45 119 190 149 123 113 36 196 164 124 153 80 43 37 62 161 75 178 197 130 185 127 69 184 185 123 140 104 140 66 76 118 173 81 34 181 191 35 54 128 119 188 24 143 159 93 45 63 68 110 95 39 103 43 49 87 173 169 149 179 66 106 69 44 179 173 180 191 133 193 47 42 155 73 52 100 51 41 45 60 172 59 188 154 129 126 115 106 62 174 192 85 148 162 102 70 187 72 57 124 90 64 140 35 124 144 72 101 25 144 138 27 73 154 178 87 62 35 170 20 127 118 31 76 76 174 80 56 171 93 30 152 198 32 150 42 189 84 64 85 128 173 40 37 39 107 200 71
 194 153 39 110 144 185 84 191 29 121 148 108 106 151 162 156 52 70 21 157 29 128 58 99 74 81 33 92 116 29 182 158 116 92 186 21 109 104 158 60 77 176 178 182 73 146 54 42 40 117 121 154 147 56 196 196 170 150 94 77 43 115 76 174 192 27 78 95 196 148 85 105 36 149 108 133 135 81 99 104 144 130 141 88 166 186 72 64 73 122 70 57 24 157 199 146 41 123 192 143 66 137 183 41 81 76 87 38 121 118 87 34 99 150 134 151 58 22 200 92 25 66 172 52 45 165 98 194 96 144 152 113 189 50 49 112 69 105 122 53 37 127 79 94 29 122 76 171 120 34
 126 55 81 149 137 160 23 67 123 30 93 166 21 158 156 89 174 172 199 98 55 36 128 123 20 36 28 152 64 165 156 185 104 69 94 128 60 130 34 104 158 92 115 43 171 40 45 99 162 23 20 114 176 36 146 108 81 185 157 139 145 117 124 100 172 159 191 39 172 81 22 51 143 108 177 139 88 194 91 177 27 68 119 178 172 60 145 32 161 104 181 88 130 120 54 92 87 30 112 164 85 27 70 133 181 190 64 180 83 86 37 79 99 88 29 41 110 182 27 171 61 118 182 90 133 109 123 44 153 94 196 156 90 28 81 42 36 126 48 99 52 197 74 50 186 45 50 125 193 83
 161 176 127 143 101 25 33 150 135 37 41 91 66 149 68 166 70 130 107 35 195 79 73 45 95 26 121 34 184 94 62 128 169 42 173 80 143 166 83 96 30 108 110 170 74 192 120 40 42 97 106 130 79 30 37 137 96 156 82 87 195 83 156 94 190 48 127 143 197 127 54 137 27 53 110 57 45 25 200 157 181 182 157 99 115 164 64 126 166 59 174 82 116 149 156 29 83 60 115 103 141 154 153 182 41 141 125 79 62 32 81 89 166 37 26 169 191 66 166 52 200 48 93 178 134 151 181 69 163 92 69 41 86 41 21 185 61 66 172 60 118 166 77 72 42 87 135 161 46 124
 56 112 83 52 158 57 61 97 99 125 62 37 167 166 199 72 115 66 94 106 121 195 39 98 27 193 84 48 22 167 191 178 113 164 116 48 59 22 182 89 64 192 118 68 137 41 111 109 43 175 195 113 161 113 64 199 36 170 88 130 20 125 52 89 176 44 71 174 152 155 20 37 113 60 158 157 35 128 94 136 183 62 24 119 26 81 88 198 77 186 143 188 32 36 198 39 138 53 117 200 173 194 137 119 178 98 59 171 187 170 53 106 196 137 172 91 34 199 104 156 82 132 25 28 111 116 27 169 171 62 191 196 72 175 30 161 108 134 150 175 68 45 34 52 115 155 170 80 173 178
 198 33 43 200 170 81 156 97 197 85 129 197 83 184 69 73 72 63 151 122 45 63 39 75 46 161 64 135 80 40 165 200 80 152 46 101 184 81 79 59 142 150 116 55 156 123 40 134 180 23 79 104 173 195 163 22 96 25 26 192 111 184 31 94 91 189 56 166 92 97 179 175 26 190 56 180 80 87 156 173 43 176 69 173 112 24 122 45 126 60 54 170 169 70 33 91 98 170 98 124 154 194 122 199 200 51 195 172 64 44 146 33 174 164 153 169 191 33 43 80 124 188 197 114 80 68 52 179 110 68 92 75 37 46 28 73 77 128 47 102 159 152 135 197 116 49 28 141 96 59
 117 54 61 116 57 165 136 27 85 176 71 150 123 43 29 156 180 70 170 143 41 48 117 73 22 74 72 172 160 62 109 66 104 197 121 78 27 157 165 88 182 86 153 103 104 173 108 119 127 149 170 64 89 33 45 86 184 108 54 151 176 34 20 195 84 180 189 84 57 79 21 103 97 125 113 165 46 26 192 81 44 65 176 97 160 65 168 78 115 157 185 120 162 128 37 189 146 53 158 157 161 133 107 96 197 198 79 86 37 66 53 112 26 72 87 200 152 29 118 50 168 153 62 87 62 122 147 42 158 139 117 58 189 198 26 158 143 113 104 41 187 171 115 164 184 181 73 64 131 168
 25 53 110 88 151 31 21 53 37 138 152 151 181 95 21 182 149 164 158 54 130 106 50 135 163 20 158 159 69 22 197 73 84 192 181 161 168 86 83 40 105 37 167 170 31 91 175 139 26 145 50 146 190 74 47 177 168 160 158 188 33 171 115 90 27 158 69 100 118 87 193 110 34 36 37 90 21 150 187 87 59 179 156 34 154 36 117 195 41 119 189 162 148 87 58 80 90 84 111 117 97 133 89 154 56 146 87 200 91 85 33 183 91 185 29 158 150 138 149 123 59 179 190 68 53 63 173 58 26 153 111 150 133 125 133 76 172 181 156 172 158 123 156 69 91 92 122 165 23 179
 123 139 41 132 117 100 119 79 37 62 138 95 156 40 175 110 38 132 84 60 93 145 187 76 65 103 50 54 118 43 29 96 117 71 168 57 31 40 57 56 97 101 78 195 122 90 111 33 48 80 99 138 30 89 42 134 74 131 92 72 106 23 95 183 144 69 31 189 199 43 150 86 91 65 101 70 159 62 36 80 106 151 93 153 55 130 141 170 189 90 105 99 92 141 40 38 77 149 152 178 22 166 76 147 35 51 103 157 49 151 142 95 77 45 185 114 177 23 170 75 148 33 184 166 140 79 169 111 107 104 124 26 63 191 65 101 156 101 134 23 34 54 120 159 161 200 25 198 47 187
 147 167 102 59 25 150 60 42 23 135 112 104 118 83 30 124 78 181 33 133 69 128 43 45 197 173 132 60 75 35 134 172 82 171 21 50 160 119 180 32 142 117 141 75 195 141 184 127 69 144 83 73 166 124 157 154 86 73 115 98 146 175 73 76 52 48 192 40 34 54 45 35 140 36 92 120 21 191 153 21 53 103 117 100 78 171 200 120 56 37 71 54 126 39 54 97 55 126 35 83 71 46 164 125 124 126 187 52 117 108 132 167 36 157 26 200 128 108 64 138 69 100 26 95 42 51 23 182 74 103 115 135 148 141 98 110 99 49 32 138 119 98 187 71 111 160 156 107 61 124
 103 83 91 64 145 74 66 190 98 170 26 64 157 179 90 26 118 141 142 29 191 67 93 126 107 128 75 116 129 199 174 36 30 57 197 75 163 191 51 122 38 101 157 68 163 68 133 69 101 158 175 21 199 100 71 122 67 172 36 127 152 171 55 40 60 178 117 59 64 70 103 57 144 155 143 26 44 153 145 166 92 192 20 52 105 190 24 127 110 102 82 25 185 66 67 185 131 184 93 149 91 68 26 29 184 92 153 137 57 101 40 143 47 35 170 144 126 70 122 157 39 142 78 44 101 189 177 101 57 120 142 33 118 162 138 119 162 78 66 120 183 138 186 47 110 152 111 69 56 155
 66 197 127 169 88 141 132 34 76 100 155 197 171 71 123 167 162 53 104 88 26 121 104 196 179 186 86 187 157 147 197 105 103 38 131 59 20 94 132 179 65 106 129 126 142 79 27 119 138 40 58 167 72 146 200 160 41 108 162 96 40 144 178 175 168 155 119 179 140 169 109 49 78 96 182 89 21 21 194 76 28 86 57 196 98 163 170 158 146 181 145 140 76 27 127 97 100 38 43 156 154 108 121 101 49 121 84 150 196 79 133 21 34 191 170 155 167 119 44 50 180 197 24 172 108 35 189 116 109 100 198 110 110 165 34 36 64 60 57 89 107 173 109 152 156 100 105 56 73 194
 29 48 192 96 146 20 56 89 74 139 115 87 124 28 139 105 62 57 156 83 35 28 116 107 119 135 122 21 31 182 149 116 170 61 137 76 81 157 187 103 26 104 89 51 180 137 77 96 94 95 165 155 130 29 130 92 33 155 88 71 51 108 48 126 78 172 176 182 93 115 53 79 96 191 138 168 86 137 36 154 150 152 98 62 67 105 184 168 33 166 172 82 151 155 133 33 93 54 122 139 96 91 200 148 29 62 138 47 35 106 111 56 67 177 86 192 88 127 176 28 113 186 135 122 175 139 102 34 31 165 104 165 85 68 40 148 148 69 57 21 161 65 67 29 187 177 169 57 183 99
 118 60 109 105 111 78 174 179 66 32 88 175 149 163 86 101 124 180 64 116 149 164 84 84 190 198 153 144 88 75 178 121 148 171 44 95 148 144 101 83 86 58 110 98 185 123 24 26 31 156 89 32 184 120 178 101 115 46 44 49 34 174 123 136 192 113 99 177 48 148 84 88 198 137 43 118 64 49 73 27 163 58 60 71 70 92 21 144 97 31 129 41 188 167 180 178 79 128 35 126 77 64 90 61 149 178 50 106 153 138 81 142 35 98 97 115 58 173 179 39 38 62 61 81 136 130 107 175 112 60 76 153 177 197 83 35 159 192 158 177 116 160 179 59 186 78 120 27 133 170
 150 55 107 103 50 49 134 147 111 158 41 127 164 141 156 110 93 142 144 188 194 24 24 181 174 188 129 41 175 156 109 95 42 25 126 78 36 26 108 109 64 167 149 166 183 177 91 21 159 104 192 45 80 93 133 99 94 20 172 125 169 131 66 35 171 161 140 137 124 40 159 109 112 67 124 47 190 41 52 169 56 97 34 96 105 166 20 86 110 33 126 189 58 63 114 52 24 122 183 200 182 21 177 124 66 181 71 117 32 192 181 186 180 164 98 70 187 139 113 99 52 82 28 148 135 106 63 158 140 178 158 109 26 129 178 25 170 136 122 46 112 161 183 45 127 60 165 174 85 93
 94 64 73 83 181 43 173 116 112 162 198 92 153 158 72 129 174 175 144 131 127 137 151 50 75 89 191 37 116 62 153 80 61 28 195 76 67 134 179 28 182 57 122 123 157 98 129 102 197 125 116 51 65 166 138 142 37 196 85 117 168 132 73 79 147 67 99 118 118 111 177 123 65 191 133 148 141 22 53 173 160 87 138 33 197 198 149 103 173 198 192 37 60 78 29 199 125 112 69 130 67 179 56 93 35 78 197 156 120 74 60 198 43 59 131 144 59 132 183 60 58 106 54 129 108 62 67 127 164 173 32 156 187 85 149 118 31 83 22 25 119 104 134 30 52 109 123 110 190 87
 112 54 165 141 32 196 191 165 157 116 61 164 98 102 165 196 134 110 114 57 51 182 137 114 163 57 115 162 36 73 156 84 79 134 193 105 62 179 113 192 54 175 156 161 88 31 95 31 123 139 40 121 141 43 134 125 51 198 88 101 139 31 132 140 55 74 63 187 90 107 165 107 46 30 38 188 190 191 59 167 62 65 130 134 84 62 196 76 108 152 96 75 67 200 151 86 126 161 51 73 127 193 24 171 158 30 89 54 150 30 156 150 185 46 68 148 49 34 140 59 65 21 44 22 69 77 21 78 179 51 41 80 97 173 41 134 122 94 74 184 23 129 47 162 83 138 97 92 171 52
 96 81 183 193 138 50 119 165 83 120 161 158 166 115 184 179 59 49 102 192 130 135 109 132 137 141 53 168 167 155 46 68 59 76 68 37 53 47 97 60 107 187 21 37 152 81 180 140 199 31 151 133 119 130 45 27 44 24 70 71 128 124 72 25 37 118 70 33 179 128 160 35 95 155 158 150 44 192 40 35 179 54 35 68 42 25 136 25 144 95 72 74 31 142 165 51 21 145 81 162 128 38 70 128 125 141 153 133 114 105 173 89 79 83 123 173 132 39 129 35 175 101 88 58 111 119 45 69 63 153 41 39 98 127 197 102 91 175 57 163 177 112 190 194 146 28 123 154 156 106
 144 95 22 66 65 48 146 95 96 54 116 112 125 122 82 200 94 80 198 173 107 109 140 31 35 168 125 176 99 151 195 149 170 75 171 138 127 173 141 37 24 47 153 36 174 94 114 132 171 171 134 86 23 44 44 92 154 80 41 71 200 100 134 32 57 123 85 48 172 159 114 181 135 137 195 94 149 40 156 99 48 52 187 68 130 93 102 25 168 91 95 101 61 79 177 113 36 40 160 62 75 188 193 195 45 127 104 176 29 135 149 25 24 85 91 49 196 20 82 149 167 21 181 154 140 148 194 46 80 108 126 60 122 172 38 71 148 114 20 53 86 166 100 74 20 48 116 121 138 113
 117 60 60 133 115 192 184 97 176 193 152 183 98 45 188 38 127 27 102 64 84 127 47 150 73 185 88 192 26 62 65 175 68 125 156 188 185 132 59 104 151 191 171 50 122 92 34 35 131 126 40 189 85 75 145 164 62 181 47 119 113 37 25 97 91 116 26 77 184 35 50 99 103 22 79 84 87 110 155 149 88 73 74 33 114 62 181 164 67 38 71 20 158 151 148 31 162 72 92 179 63 94 195 128 133 124 87 193 35 177 170 136 197 33 161 175 177 52 149 160 109 53 34 78 117 151 146 186 192 62 179 123 48 41 94 68 166 135 164 170 187 94 150 108 199 185 182 111 166 132
 32 121 23 107 164 189 44 171 116 27 121 172 147 124 47 92 53 197 122 61 52 89 188 145 130 70 105 175 80 67 119 186 119 152 156 145 106 170 103 170 36 193 40 187 23 90 199 52 68 122 43 167 45 167 84 194 188 164 25 195 154 150 118 35 110 140 86 42 98 98 80 184 180 91 116 175 86 164 59 50 147 164 140 91 191 175 52 51 128 82 49 178 50 78 169 72 150 50 41 88 199 89 147 129 197 188 126 102 151 47 66 148 185 127 103 164 182 97 118 86 135 63 158 72 168 69 45 100 94 152 75 198 153 184 123 104 92 57 39 110 126 183 142 115 38 68 137 160 24 193
 167 130 187 171 130 38 27 34 195 146 104 22 21 32 74 162 111 138 200 33 37 145 169 129 78 144 100 93 151 116 176 173 161 23 130 87 129 147 104 84 79 96 109 125 111 169 70 103 151 148 97 71 163 83 84 42 62 158 75 116 150 74 96 81 184 60 151 115 132 141 141 123 35 168 44 167 91 186 113 20 179 109 129 166 144 115 165 141 123 61 65 40 53 155 117 175 100 36 113 84 106 87 151 119 173 106 51 176 87 136 181 157 124 174 187 99 42 172 100 189 162 165 106 31 85 124 172 39 180 124 122 72 46 56 68 168 23 133 95 24 56 29 196 55 74 33 65 64 56 75
 39 139 90 177 125 38 84 86 56 74 175 66 77 146 181 44 156 139 54 193 37 159 168 152 68 87 164 182 40 66 136 118 135 127 96 126 167 68 144 50 190 45 64 85 72 38 123 84 89 200 114 150 98 79 62 131 82 157 53 21 198 155 131 156 138 97 156 79 135 22 114 59 147 31 99 45 174 81 158 66 152 188 118 67 24 95 53 107 122 110 174 114 160 47 194 137 51 138 146 68 140 34 41 109 95 42 66 198 87 36 60 64 144 48 28 171 177 176 83 173 161 156 199 192 163 145 106 136 174 110 49 112 132 148 133 128 140 68 158 22 164 139 47 160 99 184 33 91 111 199
 168 80 196 46 49 90 173 103 44 92 87 103 106 199 53 175 161 115 183 82 67 72 95 194 190 65 194 99 130 70 39 105 47 131 140 121 85 100 198 151 38 175 131 48 98 51 85 144 113 174 140 143 77 53 81 173 94 72 54 181 192 99 24 90 160 140 79 85 137 170 126 162 164 79 154 110 111 114 183 92 80 39 126 96 128 67 59 65 101 25 111 104 116 130 85 55 24 142 190 23 80 47 46 143 28 187 126 144 31 35 123 31 114 167 82 181 197 78 101 128 77 119 72 151 41 152 175 127 40 142 197 93 199 58 33 155 48 107 98 200 182 174 133 155 31 193 170 74 31 155
 83 44 131 117 64 193 187 193 124 49 84 52 186 126 135 147 94 63 71 185 186 121 24 53 30 118 169 58 71 100 46 121 52 200 42 33 46 45 78 40 159 37 136 196 82 20 146 70 90 27 161 28 59 187 198 190 156 125 165 173 117 40 73 129 92 120 114 139 135 196 28 86 71 63 53 72 40 159 118 148 198 93 79 188 35 129 30 151 101 142 123 89 95 60 53 30 139 167 83 193 65 38 23 113 36 93 121 34 177 152 23 27 56 48 44 55 141 136 49 167 29 152 114 159 105 140 52 43 58 120 74 178 97 55 114 140 182 165 111 81 113 110 154 147 56 107 20 109 121 199
 94 41 113 40 122 138 142 126 125 53 65 166 188 166 127 44 176 66 128 192 179 186 124 155 78 127 99 180 128 125 119 77 150 132 81 168 143 98 164 142 61 54 59 69 119 75 198 183 143 30 151 93 43 50 94 37 70 110 178 78 63 195 66 45 83 136 164 29 66 109 134 109 157 108 152 118 96 192 107 98 139 90 178 133 25 180 27 147 41 186 49 48 27 165 61 110 130 24 116 157 42 60 147 153 111 181 75 87 180 141 117 48 168 104 34 116 142 43 96 66 195 163 111 124 164 127 176 167 50 183 93 149 128 187 115 30 77 134 37 80 64 28 141 164 20 178 134 153 44 102
 155 138 74 102 144 176 124 67 129 115 185 33 163 35 168 188 120 165 83 54 106 107 83 98 90 195 143 115 51 99 159 146 100 92 79 146 166 97 42 141 58 195 172 58 49 179 82 77 162 25 69 93 126 51 20 96 40 105 196 117 36 63 46 149 54 134 138 199 84 139 69 158 71 139 110 79 57 75 111 106 76 89 79 83 151 140 54 161 140 143 60 127 88 134 43 63 22 187 164 137 131 74 160 147 168 166 27 35 70 126 115 30 63 168 141 132 175 33 100 53 33 63 20 200 136 48 64 139 114 56 93 66 157 169 181 56 98 171 106 68 39 113 130 64 163 24 25 38 137 170
 104 115 108 133 117 194 127 35 168 162 194 91 161 154 111 166 150 48 25 184 197 136 65 162 48 162 152 184 89 26 186 57 95 39 24 103 143 144 119 103 116 108 34 131 95 109 187 77 194 136 100 170 60 182 53 63 72 42 149 26 181 111 188 111 109 175 104 42 59 127 144 79 180 136 98 127 148 111 190 182 30 105 134 70 83 27 31 159 199 180 175 189 119 24 145 149 192 127 58 94 41 182 158 65 179 169 71 25 188 160 145 117 133 31 124 142 33 107 21 195 108 24 66 132 167 27 191 79 46 75 178 153 46 66 108 137 84 117 193 30 28 174 102 178 87 123 136 25 33 74
 122 26 22 70 44 186 61 84 73 166 138 135 30 84 150 59 48 139 162 52 122 84 83 125 151 124 179 181 197 115 25 187 122 88 167 77 103 43 83 71 166 119 43 54 128 82 103 158 37 188 111 131 69 147 159 71 121 83 80 72 64 48 58 28 152 21 22 65 156 116 148 97 88 173 162 170 112 181 186 39 72 199 184 116 50 146 189 21 62 173 33 65 150 50 34 186 34 74 126 146 88 40 75 189 28 70 68 193 90 140 36 185 124 137 38 133 66 197 57 146 162 37 71 136 168 198 108 148 126 190 37 170 42 176 77 194 80 162 196 96 140 149 150 178 168 57 69 37 139 49
 143 155 53 188 57 57 168 117 194 166 115 32 193 60 96 190 45 38 185 151 60 120 162 110 132 166 172 105 113 193 188 146 115 165 121 193 97 151 21 24 58 153 180 117 131 90 150 91 88 88 23 78 154 192 115 190 21 29 50 178 130 41 128 167 71 103 102 83 90 26 88 116 83 90 42 76 109 106 119 181 161 22 61 20 85 183 176 163 176 52 166 106 73 95 137 97 187 62 100 45 45 72 175 41 145 169 72 163 29 79 85 98 181 154 37 104 36 39 146 193 73 111 34 43 173 160 68 141 48 77 40 178 138 176 50 150 156 45 159 128 164 35 146 23 177 185 111 177 53 34
 89 55 31 153 117 31 35 78 30 57 81 184 27 103 109 69 161 172 140 172 140 141 70 40 100 45 104 91 119 82 199 70 66 184 47 148 132 114 59 32 182 101 60 43 130 44 27 40 84 167 64 61 178 113 173 194 151 70 86 199 112 81 84 139 69 79 129 81 65 179 186 175 178 141 148 172 22 75 58 36 30 185 53 73 25 106 186 65 43 49 174 167 113 24 146 56 155 200 68 23 185 179 163 181 163 146 109 140 130 56 169 31 172 136 161 33 191 114 59 102 105 21 130 98 127 138 103 151 151 107 20 105 35 33 150 174 118 36 52 31 130 121 58 116 98 193 119 146 161 24
 65 85 73 105 69 50 88 91 44 178 146 173 24 154 22 29 83 152 21 25 185 179 152 55 163 198 76 88 97 50 58 107 180 65 130 139 141 48 76 109 166 29 72 30 142 159 79 80 128 139 164 180 87 185 132 111 49 155 36 191 35 94 31 25 168 119 78 26 31 141 156 41 195 38 100 162 113 41 133 137 24 32 124 123 130 179 120 171 150 180 187 121 66 198 64 156 197 116 196 40 182 53 174 64 110 186 140 24 136 199 88 181 29 164 101 194 84 124 94 132 106 144 157 46 72 29 113 41 115 165 122 153 179 167 51 97 162 188 192 116 199 36 183 45 83 35 26 147 120 61
 76 50 115 118 95 154 36 136 133 141 27 142 90 193 129 33 175 132 160 50 163 193 121 115 108 160 138 47 27 72 57 131 40 91 152 164 143 173 85 87 70 186 165 174 142 97 187 70 89 74 41 145 159 58 48 145 134 36 150 148 57 43 124 113 183 109 101 64 50 52 54 167 133 55 171 179 87 136 70 109 128 139 123 156 55 79 104 100 121 153 159 53 175 117 79 182 87 194 89 31 142 168 40 69 91 69 81 50 124 87 21 99 162 53 74 161 136 77 91 54 67 191 174 74 110 153 189 163 152 152 50 40 33 22 85 129 176 158 76 53 114 112 75 78 41 142 173 170 100 193
 29 127 85 31 118 51 23 40 77 168 92 188 158 61 197 149 31 168 79 57 193 45 59 132 100 122 193 180 153 90 43 113 32 193 199 29 125 37 119 115 86 173 21 181 55 122 192 157 39 161 102 51 194 33 39 148 140 88 139 95 40 81 57 101 87 61 54 179 24 177 175 92 48 35 144 144 100 77 116 117 88 156 192 160 151 157 66 81 92 47 51 76 41 118 141 135 143 40 78 175 99 78 54 117 113 171 80 172 68 182 68 64 49 196 153 159 148 29 48 178 78 35 172 181 113 98 111 27 93 92 120 193 95 41 39 77 56 29 29 94 38 180 30 180 199 49 113 116 122 66
 152 90 78 145 49 194 158 98 91 86 187 36 176 61 92 196 21 108 40 185 64 182 27 168 22 125 193 158 175 67 99 64 22 180 42 112 156 24 192 139 158 143 92 61 38 77 183 44 44 87 95 70 86 49 180 46 90 30 44 142 36 129 89 26 148 80 30 38 146 125 190 188 161 184 97 64 118 96 162 94 74 31 65 48 82 141 172 106 63 46 47 112 155 170 41 145 162 49 192 150 66 69 133 141 112 47 144 70 186 47 172 198 135 46 110 85 130 150 143 113 38 157 33 42 165 149 188 127 157 166 25 110 87 126 52 107 137 166 183 180 190 113 183 191 66 183 71 174 176 36
 176 32 22 186 28 177 41 157 176 22 108 140 60 181 65 173 136 182 131 54 25 35 40 92 49 158 44 54 165 171 153 69 26 36 66 160 74 190 20 35 183 31 141 131 135 195 86 131 154 62 198 84 34 69 162 43 152 162 131 180 105 22 148 152 152 169 23 34 76 106 81 24 170 194 66 196 53 39 122 77 28 103 163 141 50 120 114 93 147 142 133 189 108 107 62 46 114 177 144 77 132 35 111 35 135 55 20 200 159 118 181 144 175 33 178 104 119 41 157 119 158 158 53 167 20 175 70 186 149 70 166 162 180 166 30 31 107 24 27 60 31 72 59 161 37 97 76 88 131 165
 55 87 49 132 72 28 114 168 85 194 36 130 181 102 56 90 30 154 145 140 37 166 64 37 102 122 190 160 179 87 96 177 22 191 181 194 191 54 109 154 113 52 187 113 135 62 95 179 61 96 89 141 161 45 135 156 78 36 152 187 114 87 29 93 107 31 178 151 162 141 67 120 120 112 189 199 115 186 199 104 73 26 42 105 91 71 106 67 167 145 90 107 105 169 25 173 174 149 141 144 73 147 145 159 133 104 193 103 96 75 76 161 112 115 129 136 192 135 49 117 176 86 179 31 76 185 49 135 74 65 68 62 119 112 172 51 92 52 192 80 59 57 42 32 20 157 64 180 144 45
 174 102 129 151 128 58 177 32 24 56 130 67 161 60 167 101 194 134 32 145 63 104 146 178 164 169 64 180 33 26 184 37 129 147 73 68 178 75 68 38 103 85 21 162 66 100 24 194 24 137 50 172 185 174 119 192 86 84 91 140 199 173 102 176 60 156 76 70 110 199 187 124 112 148 97 186 131 131 26 73 112 107 92 92 180 96 52 141 64 103 28 182 52 94 175 27 67 118 57 196 119 126 92 24 110 164 56 61 173 134 140 85 116 76 194 69 162 37 69 59 191 105 103 169 36 169 40 117 137 137 76 86 86 60 21 140 175 146 154 109 118 92 34 143 166 127 36 165 70 162

