70
 87 40 40 88 22 17 21 16 42 57 57 59 11 62 51 64 20 99 46 58 41 53 34 32 58 51 79 61 69 48 4 24 84 43 50 8 69 68 12 47 65 9 45 87 8 100 41 46 81 93 40 58 15 42 75 36 85 49 47 40 42 90 14 61 99 19 53 58 49 26
 27 77 88 29 6 40 48 83 94 23 98 54 80 72 38 95 86 58 91 40 38 73 54 15 100 90 6 10 53 55 27 64 45 13 76 43 7 48 42 31 78 37 18 75 18 53 24 98 93 84 60 63 74 87 50 85 3 36 31 14 67 19 3 45 75 13 61 0 79 52
 97 12 25 49 40 31 52 22 81 72 37 43 55 14 32 9 33 41 28 31 31 14 75 58 56 60 63 16 69 22 69 60 94 19 25 1 92 9 81 29 40 4 49 34 75 83 83 81 70 15 55 64 13 41 51 82 38 97 4 83 25 78 6 36 81 62 99 58 74 62
 82 23 61 47 21 80 83 14 50 85 81 39 86 87 82 81 29 62 7 58 70 40 8 59 41 69 77 16 84 52 65 31 64 92 51 74 57 43 43 56 98 45 73 96 86 63 77 49 86 43 86 49 66 87 25 59 38 50 33 13 93 59 7 5 71 94 83 59 88 37
 46 13 79 52 88 23 23 94 69 42 35 0 47 69 13 60 39 30 40 69 84 36 82 47 77 91 65 14 90 88 100 87 94 100 59 95 90 89 98 6 30 6 1 88 41 40 94 24 37 89 65 62 70 69 51 21 44 49 82 54 61 74 18 21 53 87 39 3 41 49
 90 34 64 82 81 42 42 14 38 29 24 79 18 73 9 68 36 77 88 16 88 40 31 55 56 21 93 32 76 80 72 53 8 30 56 37 12 35 78 24 88 96 3 38 18 22 87 42 40 49 94 56 99 70 47 73 2 77 18 74 25 70 78 66 13 88 87 39 84 70
 34 21 6 97 94 73 11 14 75 16 67 73 39 58 4 60 78 59 33 54 58 30 39 84 96 51 72 88 46 29 41 51 66 38 7 0 53 59 53 42 36 30 66 47 26 13 23 23 27 43 93 27 5 15 37 26 34 3 31 79 23 43 23 64 25 99 62 77 3 47
 32 95 67 73 18 16 76 26 14 28 88 30 81 1 39 21 8 80 26 23 39 61 14 33 68 66 70 78 59 43 43 0 54 69 62 62 89 35 50 27 27 8 51 10 15 8 22 84 57 72 68 96 78 66 42 89 92 29 14 76 51 38 58 68 45 47 63 33 36 90
 68 24 70 98 58 57 9 100 10 56 88 80 63 38 72 27 90 75 69 81 91 74 54 6 7 49 51 51 71 18 37 36 30 4 97 10 57 86 51 94 28 87 26 46 71 23 18 67 62 56 99 6 8 26 89 43 73 5 65 47 54 52 83 81 60 98 47 81 67 52
 17 97 49 90 50 77 22 35 93 52 89 39 24 65 62 58 64 46 19 45 30 79 89 60 23 36 28 74 84 94 42 20 0 94 67 88 47 85 56 11 8 51 4 23 97 41 83 49 86 90 26 78 20 54 38 35 3 98 56 75 51 42 37 43 0 94 7 25 83 77
 85 80 1 12 75 14 55 47 1 4 61 55 21 26 0 85 26 39 93 48 57 73 58 19 26 67 79 46 19 75 59 100 81 51 5 78 90 30 80 69 25 69 23 87 50 44 74 83 97 38 63 14 22 9 44 32 16 4 39 66 77 28 20 3 25 20 79 11 84 89
 99 36 95 89 38 3 81 92 37 79 9 18 70 80 68 17 12 69 45 80 96 56 2 16 19 100 23 34 93 85 75 26 0 45 21 83 15 94 2 17 95 71 36 75 61 18 34 44 69 1 80 10 95 86 4 88 34 21 4 15 25 23 16 67 45 72 100 56 39 18
 97 58 91 62 17 91 21 3 89 36 97 73 53 78 60 22 96 15 68 76 50 54 82 60 47 6 19 40 25 52 2 59 17 51 92 40 65 79 53 86 3 86 97 91 59 5 69 83 17 53 14 64 91 74 23 79 1 80 77 86 73 18 83 18 68 40 60 70 37 93
 36 66 13 9 63 11 98 81 100 5 31 84 40 60 77 16 30 10 11 40 0 10 45 59 12 1 96 13 43 100 39 38 43 79 61 61 79 96 38 100 87 35 16 33 30 81 31 81 33 59 9 69 37 26 67 63 0 25 100 49 30 30 85 86 88 58 100 77 55 8
 51 59 79 7 89 35 0 72 50 5 26 56 31 44 18 51 98 11 3 53 3 54 2 71 12 62 45 80 100 22 90 7 15 74 25 21 25 84 84 26 36 1 92 9 49 49 47 29 10 63 32 51 21 19 37 33 39 71 58 85 30 68 42 3 55 35 55 76 17 18
 97 49 39 2 94 46 87 93 20 100 99 26 69 41 60 80 91 73 46 92 18 98 49 37 84 15 75 59 4 62 87 51 75 52 74 6 91 16 1 51 94 52 25 73 44 54 96 97 64 100 22 16 47 59 9 32 34 6 70 87 61 22 68 70 64 100 0 17 69 54
 42 8 34 85 50 86 19 93 32 8 41 45 88 54 4 64 96 28 64 21 99 47 89 55 44 83 2 5 89 19 50 3 50 28 68 70 11 24 69 37 25 27 84 96 52 38 12 6 46 39 32 81 96 37 51 24 8 16 81 60 82 95 47 87 55 78 8 27 13 37
 53 17 58 52 66 4 50 18 62 65 57 5 12 59 78 54 6 10 12 71 81 56 79 55 68 15 57 48 47 27 100 60 90 48 14 43 56 13 84 16 0 47 13 67 24 37 18 53 72 83 53 88 82 61 63 99 94 81 70 19 60 36 35 66 62 38 24 6 6 12
 19 87 35 91 97 53 54 61 62 31 4 25 15 3 86 61 3 97 3 9 72 86 62 14 81 83 76 47 48 39 10 61 38 79 74 10 27 99 29 17 30 79 19 83 30 47 23 62 36 22 5 87 29 12 60 51 62 17 73 84 81 50 94 4 98 29 45 17 19 88
 79 21 98 29 24 33 11 35 92 85 49 74 70 19 63 20 12 90 82 6 38 73 82 36 29 35 85 80 97 24 38 57 12 23 12 67 50 34 10 61 25 63 11 92 95 93 9 31 68 93 2 69 69 70 70 53 87 30 47 73 68 88 2 81 50 58 85 67 89 56
 72 10 87 75 29 0 22 70 57 29 80 66 50 23 35 11 18 63 45 34 28 1 82 58 54 49 70 98 92 38 70 68 22 29 56 47 47 55 92 90 57 29 66 38 73 20 69 58 83 60 48 38 12 96 66 24 99 30 100 46 49 19 27 7 94 72 39 77 96 31
 90 32 7 57 40 89 18 17 42 76 6 30 33 37 76 27 89 35 69 94 96 71 21 8 50 53 20 81 68 35 24 38 41 38 2 87 67 60 20 30 69 100 95 93 79 94 81 79 29 1 42 69 57 44 68 43 92 28 46 70 33 95 81 40 42 97 59 30 15 6
 34 90 61 58 2 48 88 60 99 44 87 87 99 46 61 86 95 91 78 12 21 90 41 57 63 97 15 23 79 92 59 64 78 63 70 7 95 65 4 0 0 71 1 30 92 20 41 31 18 46 78 13 17 86 43 50 1 15 14 60 47 36 14 88 2 3 0 85 93 62
 75 50 71 96 13 39 17 58 71 1 94 79 63 1 67 49 64 51 2 73 39 18 76 3 94 80 50 43 91 27 48 6 71 21 59 7 86 31 57 71 5 78 32 97 8 76 68 66 100 0 2 0 11 79 70 20 81 69 44 35 49 76 79 16 36 67 46 68 34 16
 79 57 87 93 39 28 71 86 68 96 47 25 50 76 5 100 47 8 4 24 86 20 41 45 67 7 58 70 86 21 99 70 81 80 12 39 4 90 50 2 46 71 80 95 9 63 17 49 53 74 77 41 32 44 33 92 38 47 2 8 56 36 85 46 69 79 80 66 16 86
 97 47 59 16 22 89 34 49 60 34 11 69 85 15 72 22 53 25 100 4 50 81 83 72 47 97 51 38 19 29 94 95 83 94 84 7 81 6 77 43 61 66 62 29 45 49 69 63 86 22 75 41 100 67 32 40 28 33 56 71 42 68 47 38 97 98 27 35 90 97
 81 45 7 40 97 46 17 15 5 78 26 62 79 23 47 99 89 91 56 76 61 17 90 51 21 0 91 53 83 16 9 44 43 13 92 38 76 67 82 3 62 54 22 89 16 84 6 59 24 13 63 14 58 6 87 57 59 5 59 76 53 10 98 70 48 22 67 92 7 30
 37 83 99 56 98 98 62 69 60 25 64 73 73 44 72 83 32 89 38 50 2 79 54 74 14 97 39 85 77 60 44 55 48 45 73 60 90 82 49 85 14 25 87 8 97 59 13 92 1 55 57 82 6 46 60 42 15 38 1 54 0 23 83 13 7 8 26 13 19 25
 28 58 68 77 68 34 84 24 42 11 13 19 85 99 19 35 26 32 48 43 26 69 80 94 8 48 76 56 97 94 35 49 46 55 44 63 54 75 96 73 32 66 7 13 44 99 80 26 47 13 9 41 81 22 14 53 1 76 0 40 24 24 57 94 18 60 58 75 61 57
 46 91 55 100 66 82 33 30 60 24 89 91 12 25 22 68 6 29 92 66 89 23 93 20 68 35 41 86 55 62 78 47 98 4 42 80 84 95 45 74 7 63 8 14 24 74 36 37 44 48 29 25 100 33 60 35 30 0 29 87 78 94 56 84 68 56 43 93 26 60
 4 12 59 19 75 11 33 82 52 22 62 64 35 17 49 51 42 3 51 56 72 20 25 71 63 87 34 39 44 96 88 72 10 64 1 13 34 85 49 12 78 97 85 17 38 75 81 55 65 13 27 64 81 7 92 22 13 71 47 42 88 12 63 85 41 40 54 20 42 92
 91 21 77 53 12 72 95 44 73 94 69 99 90 4 55 42 62 43 85 8 85 95 34 74 47 25 38 77 40 76 0 45 24 59 12 61 25 2 62 59 71 11 22 21 17 38 32 36 40 39 89 38 40 12 81 87 85 75 5 99 5 5 7 81 71 78 71 13 53 94
 6 57 90 5 32 64 76 58 57 97 83 58 8 7 74 57 20 88 64 15 87 35 43 88 80 76 56 6 79 47 71 18 32 100 92 44 16 49 27 4 56 80 75 100 72 26 90 98 15 30 97 69 19 62 46 78 45 14 11 67 62 33 84 84 42 90 78 41 71 88
 43 25 75 78 84 65 74 100 91 100 27 91 48 30 23 35 41 57 60 32 88 91 20 34 14 99 56 21 26 7 1 37 90 92 75 6 58 47 33 85 45 97 20 93 88 3 49 64 56 78 49 58 61 19 34 40 38 38 52 10 29 20 97 10 19 66 28 45 12 9
 40 56 45 83 86 80 49 78 81 1 13 48 85 47 10 23 51 14 64 95 46 47 38 0 89 2 10 58 32 42 21 8 16 72 99 11 85 42 28 70 0 50 97 49 40 60 43 70 53 50 22 83 67 69 1 67 10 58 73 92 9 48 37 16 32 87 17 62 88 98
 37 88 61 24 42 71 16 17 87 51 41 60 37 63 79 96 47 100 8 12 53 64 20 36 58 35 96 5 87 74 9 67 60 87 72 50 26 24 18 82 79 85 47 12 9 54 38 18 24 33 50 94 28 15 96 32 78 74 69 14 8 35 20 56 41 20 62 66 32 89
 36 15 8 12 21 75 45 23 34 66 18 48 18 50 11 71 30 46 63 45 42 66 28 28 78 38 91 99 38 30 67 77 11 100 10 60 99 90 80 73 22 6 19 32 97 1 86 96 77 16 31 43 67 84 63 48 92 63 43 93 75 8 40 77 35 52 5 82 76 73
 67 45 95 86 100 2 68 86 4 33 10 1 81 98 52 6 25 90 41 68 62 98 18 72 75 70 4 26 64 32 34 70 32 36 39 69 87 66 27 51 88 26 69 52 11 76 60 99 100 19 95 83 96 67 88 51 68 17 65 76 7 96 67 79 62 26 30 46 41 100
 93 56 72 69 97 72 1 71 65 94 25 7 89 40 45 23 18 78 10 32 20 54 12 72 42 34 36 75 85 78 32 39 6 59 45 37 4 85 30 70 50 17 75 15 54 59 87 48 45 97 59 61 94 54 30 54 2 39 92 1 51 29 67 61 15 71 92 73 62 49
 42 46 38 21 12 43 12 64 93 14 33 85 51 37 9 57 98 58 52 97 41 6 8 8 60 10 34 17 51 57 56 45 51 86 72 55 25 66 52 56 39 26 9 60 39 31 17 65 41 46 71 9 10 78 62 8 69 93 11 53 92 23 38 46 25 68 27 8 59 10
 46 45 97 17 95 44 78 46 78 24 62 54 26 45 87 67 33 37 53 77 43 63 9 25 3 45 2 55 88 92 32 48 49 10 13 59 9 15 29 29 87 15 97 71 57 84 39 39 82 59 91 13 70 76 85 30 63 10 39 97 45 1 89 18 20 45 2 62 41 18
 52 89 59 1 50 85 98 93 84 88 84 20 6 47 89 54 2 87 43 33 3 91 87 77 26 39 3 85 54 0 78 52 83 18 89 95 64 43 4 89 91 4 54 98 39 18 14 56 68 90 18 97 88 3 69 69 80 85 58 6 4 91 53 43 48 20 20 91 6 89
 51 56 12 66 65 83 90 69 28 64 76 99 72 26 69 70 77 69 28 36 65 60 10 56 71 89 66 51 10 17 1 14 61 78 97 58 88 37 48 75 67 60 76 9 21 14 45 64 55 28 19 70 57 100 10 95 71 28 15 76 22 50 65 74 10 80 86 38 71 89
 19 54 40 20 87 69 26 56 72 48 39 96 74 12 43 65 34 20 69 77 40 13 24 78 53 17 19 6 43 27 30 65 65 47 79 67 99 8 63 100 30 50 42 55 27 91 9 16 82 35 94 73 87 90 37 85 97 83 82 93 96 77 16 29 91 1 79 26 20 38
 38 75 63 97 21 13 91 3 48 10 22 18 53 64 62 16 57 11 97 0 8 54 22 27 79 37 46 78 84 88 12 25 63 7 13 73 33 14 26 98 63 27 8 16 78 13 50 19 17 99 25 27 53 3 16 83 77 81 30 20 39 79 2 82 33 98 50 94 53 43
 90 14 56 87 40 6 21 36 52 60 84 45 33 11 83 46 85 58 88 13 72 68 80 9 62 84 76 60 76 57 96 62 89 72 62 11 94 64 92 41 76 44 24 22 82 94 73 79 81 76 88 96 51 3 96 60 85 50 43 99 64 80 80 24 44 82 55 83 12 22
 57 66 28 44 74 47 93 21 34 59 73 91 0 82 5 88 93 83 22 55 69 43 84 5 52 46 10 26 48 50 29 0 91 100 23 63 91 3 31 10 85 50 33 9 43 81 50 5 100 90 30 47 41 13 82 54 32 67 7 40 57 61 12 1 47 71 31 6 42 19
 55 16 82 95 1 2 17 75 31 34 2 32 18 59 92 20 16 80 53 8 20 23 77 39 31 55 61 22 94 71 2 24 66 9 23 5 14 10 49 46 67 32 47 100 84 77 35 4 77 50 43 81 45 100 77 19 45 40 98 97 41 49 28 25 65 64 71 24 60 16
 31 89 7 19 90 66 56 56 35 66 31 58 82 79 49 26 83 35 38 49 88 5 86 16 90 44 32 8 4 94 90 42 82 30 73 82 5 47 100 5 23 66 49 94 54 65 19 96 51 55 11 84 17 50 74 1 94 26 41 98 62 15 6 11 13 37 2 75 20 85
 63 10 88 87 46 55 63 38 40 0 2 95 19 40 93 73 100 75 19 5 66 0 76 49 14 11 81 33 12 28 8 64 36 71 41 66 49 83 48 65 16 34 20 23 58 19 2 2 22 41 8 55 80 92 22 96 66 67 39 56 39 92 12 3 40 37 3 52 95 50
 10 54 53 41 67 23 45 90 39 55 80 95 48 17 29 26 47 20 64 37 7 16 77 30 48 89 89 27 16 71 33 69 13 93 3 40 71 83 7 81 49 46 50 98 42 55 37 46 33 32 78 34 71 96 70 84 29 47 39 92 43 64 85 95 77 50 33 69 57 59
 36 33 48 77 82 43 94 48 4 68 92 2 66 58 7 97 11 47 90 82 87 52 50 38 22 4 100 70 29 91 32 18 49 19 87 17 77 6 13 29 15 43 26 11 78 72 22 83 70 69 99 29 17 100 87 85 61 15 45 57 64 7 93 61 98 15 37 98 47 30
 38 18 100 30 13 73 81 32 4 84 87 80 21 88 100 36 11 24 47 88 36 47 64 54 36 6 35 52 42 7 23 2 19 61 31 5 41 8 44 10 67 75 44 78 27 19 63 75 62 96 68 31 3 42 30 84 73 75 77 60 55 52 84 96 66 18 29 72 69 57
 25 73 47 31 20 50 25 69 54 2 39 96 19 87 94 89 50 53 88 30 32 33 56 22 81 50 43 60 38 22 53 85 62 50 22 10 80 83 21 16 10 5 67 55 7 69 25 5 42 63 84 30 28 4 18 55 48 94 50 23 88 81 66 76 22 51 17 34 10 87
 29 40 75 51 4 98 67 92 100 5 52 88 18 37 82 28 4 7 51 88 0 100 91 53 27 10 64 14 31 98 88 16 62 87 63 65 0 23 46 43 66 80 16 96 72 82 29 59 39 2 61 8 16 42 21 71 56 19 57 38 82 23 27 30 29 99 57 5 50 54
 70 96 56 92 15 93 87 64 17 33 62 40 40 37 17 20 81 0 43 61 77 37 33 44 83 92 50 12 27 38 18 99 3 30 12 64 33 86 97 22 23 38 91 60 67 60 71 24 79 46 60 24 78 86 84 92 31 6 42 74 32 67 60 61 5 22 3 19 56 19
 84 31 67 46 66 4 57 69 50 80 14 51 45 37 20 15 30 71 58 4 40 75 71 17 45 66 22 4 21 6 96 43 18 13 29 47 38 72 41 10 46 65 72 12 42 76 6 74 17 96 10 60 41 46 26 77 65 31 35 49 63 26 27 83 7 32 2 24 16 37
 25 63 30 66 94 86 19 81 17 91 49 88 8 26 1 38 1 38 90 69 59 44 36 51 39 99 19 50 39 55 77 73 34 20 0 31 82 49 100 24 69 38 37 70 4 99 46 21 29 23 68 39 84 77 54 71 48 19 64 59 8 77 5 100 1 73 50 58 6 97
 8 68 90 82 77 43 23 90 98 26 39 22 9 65 64 82 87 100 45 10 66 94 14 75 99 14 34 42 89 73 92 46 31 100 16 86 70 51 48 75 99 85 1 39 5 12 98 23 71 67 33 48 54 17 54 74 56 33 90 81 14 54 46 45 84 79 66 92 96 54
 81 72 43 51 13 23 64 19 26 27 27 55 49 98 63 42 37 1 89 55 40 28 88 54 13 17 2 81 23 58 72 22 74 88 2 100 29 52 8 34 65 8 76 84 0 15 14 73 30 64 39 88 84 80 44 79 6 19 73 52 63 89 98 50 36 94 60 83 6 22
 39 65 82 6 44 76 88 5 49 4 40 38 84 5 59 64 81 87 7 12 93 66 76 49 27 23 79 36 68 66 33 92 91 81 56 62 60 64 59 52 69 41 31 87 92 8 35 81 31 72 3 72 19 35 57 99 16 18 27 36 69 80 32 91 39 17 55 64 73 63
 46 18 92 85 90 10 24 29 75 40 47 67 54 44 41 74 74 28 77 57 54 55 85 92 42 29 43 41 65 70 41 62 8 37 95 83 55 46 77 28 64 79 20 16 4 27 81 6 3 50 3 43 76 43 59 52 68 75 5 2 41 38 41 90 92 86 6 86 42 58
 52 91 73 80 75 73 97 68 55 93 34 69 13 65 17 79 7 42 99 55 88 56 50 36 15 23 95 20 58 7 73 3 97 64 86 98 79 17 19 54 32 97 25 67 43 21 67 99 37 34 88 32 44 65 22 64 44 14 31 100 59 99 89 70 36 36 50 28 80 4
 87 94 39 52 69 4 23 99 0 47 74 69 17 13 14 25 68 88 54 45 66 49 69 57 23 4 35 26 54 44 90 30 77 50 91 4 16 15 33 40 51 67 45 47 54 53 85 28 12 87 13 94 6 82 77 7 97 5 8 18 39 84 91 19 62 15 70 89 94 0
 93 39 46 11 97 78 69 4 69 28 80 96 31 59 24 22 85 25 59 19 13 60 99 85 87 33 58 39 15 8 88 6 9 5 27 68 58 23 33 47 91 94 51 49 78 75 52 56 96 69 13 85 32 44 71 92 22 75 56 23 62 53 100 26 89 50 93 9 92 64
 47 52 95 92 41 56 38 32 58 50 88 35 48 50 36 65 72 69 0 36 69 88 67 53 15 99 67 2 63 65 34 42 69 30 99 22 20 32 72 25 32 49 27 90 46 32 61 69 65 72 46 2 1 83 80 4 65 87 71 39 58 44 81 36 94 73 26 52 67 6
 70 97 16 62 77 20 82 56 43 56 35 18 38 0 51 85 95 4 33 79 98 55 6 71 29 53 83 25 11 79 99 66 35 36 79 85 60 66 44 51 50 66 52 61 94 35 71 11 37 88 67 92 45 65 68 83 40 13 38 25 6 38 61 31 11 1 83 24 27 5
 26 52 88 85 81 42 18 6 34 89 85 30 64 77 21 55 11 50 12 1 13 90 15 44 85 44 93 45 66 58 40 11 75 39 16 4 28 11 39 67 31 58 89 79 70 8 29 92 39 90 41 36 71 82 51 56 29 47 81 92 6 58 58 62 70 32 84 39 68 5
 93 29 23 100 36 4 0 92 36 25 69 3 72 99 50 13 42 33 22 80 99 21 97 23 21 37 16 1 34 83 42 49 12 79 71 29 24 26 76 64 62 2 94 46 64 85 94 86 34 10 30 94 82 28 34 59 63 0 65 91 33 45 25 23 60 30 34 52 24 26
 72 95 28 6 50 11 53 60 19 7 62 85 67 33 77 12 26 2 7 50 52 56 91 86 3 77 47 79 5 61 72 12 69 5 73 33 73 11 37 28 22 4 56 35 79 1 58 14 47 2 4 5 74 48 35 88 71 49 50 86 53 100 47 60 46 53 40 49 39 43
