50
 73 33 32 73 48 29 56 1 38 71 97 87 12 71 47 34 50 31 68 5 81 2 46 14 23 70 37 37 15 45 71 27 62 16 44 55 92 62 29 49 2 65 50 45 99 33 96 41 73 90
 41 17 53 36 59 48 61 36 42 95 100 47 54 50 28 99 70 56 72 25 77 78 74 9 52 50 33 17 100 19 14 100 29 86 16 64 12 79 20 92 62 42 93 40 73 82 64 62 26 33
 5 64 6 52 72 36 37 22 56 11 1 9 10 78 97 36 30 0 22 3 2 24 3 74 61 70 11 25 32 67 76 94 67 71 84 6 83 68 75 90 28 89 72 46 57 97 67 41 44 94
 62 69 30 59 96 77 61 88 52 24 78 62 58 5 87 66 63 42 99 62 11 94 88 40 30 5 25 21 81 74 67 22 8 46 98 41 24 93 88 89 20 91 81 31 36 56 45 32 90 31
 51 62 70 84 13 67 65 40 21 68 46 35 68 31 4 6 35 85 73 7 89 4 20 85 49 40 31 19 86 58 46 32 88 41 71 92 87 14 8 53 85 97 8 37 98 51 52 61 86 58
 2 19 23 46 19 79 80 87 18 57 43 23 20 53 54 44 40 34 69 24 31 26 15 13 68 33 14 96 92 33 22 89 9 85 68 84 76 49 58 95 18 1 98 32 16 50 90 84 45 37
 13 54 69 39 97 85 66 17 47 68 21 3 12 83 78 4 16 86 31 81 62 69 45 96 63 18 54 67 96 39 68 8 89 25 39 36 72 100 83 41 42 7 97 34 13 18 84 12 85 94
 99 84 84 46 93 58 64 8 89 50 3 61 2 59 48 41 73 76 66 20 51 42 50 86 15 98 43 84 37 47 56 98 9 46 68 68 40 90 71 24 69 36 12 25 85 99 98 1 33 29
 100 39 79 6 55 10 36 10 33 48 13 87 4 69 85 23 32 8 4 49 15 9 57 4 64 23 22 35 86 50 34 69 13 34 29 22 96 99 60 9 91 49 62 42 44 12 70 29 96 79
 1 43 32 81 6 90 66 22 50 79 45 96 18 77 0 67 34 24 31 67 48 20 61 98 25 39 92 8 97 71 47 84 84 31 26 94 20 29 86 67 1 28 52 82 46 24 81 65 22 21
 30 16 41 59 16 96 30 59 16 81 19 33 7 76 80 6 48 17 27 75 99 64 21 72 82 7 31 94 71 90 17 59 46 44 36 52 37 83 48 29 10 18 57 33 81 54 33 16 75 79
 88 36 11 69 45 64 43 76 58 70 54 9 25 22 60 8 6 8 81 18 10 88 91 96 16 42 36 35 68 34 82 79 74 89 90 35 32 13 49 97 58 13 53 9 19 100 6 58 89 28
 11 33 53 86 0 60 37 42 55 47 62 6 77 74 14 65 8 98 38 1 62 15 73 17 59 19 36 64 98 18 95 29 50 73 73 44 50 77 73 18 52 83 9 93 65 41 84 44 29 71
 58 53 32 45 47 79 100 53 6 44 68 56 16 23 27 6 88 14 4 20 71 29 24 50 84 0 61 1 30 93 59 1 78 23 44 49 31 81 30 93 66 32 21 67 76 2 5 5 36 74
 16 29 69 53 11 7 82 38 46 51 18 43 88 69 76 89 1 39 11 83 37 93 65 29 74 9 65 80 0 30 0 67 49 19 88 27 96 82 47 9 80 41 57 56 55 98 78 97 38 44
 65 46 15 73 51 61 54 72 26 2 3 18 40 42 2 2 35 59 92 53 21 69 29 91 40 58 43 6 5 92 32 5 57 54 61 96 47 31 19 23 63 19 41 7 91 19 94 2 36 97
 48 47 2 57 25 69 64 50 77 20 51 64 37 2 51 89 58 18 53 42 15 52 56 33 4 87 49 27 99 51 74 49 15 30 99 36 32 26 94 3 16 19 29 72 2 20 40 59 82 34
 94 22 91 98 90 12 38 1 71 59 18 75 69 99 18 60 46 22 78 35 63 79 49 41 72 43 24 74 85 94 100 83 4 42 87 82 20 48 73 91 39 100 10 51 64 56 97 17 5 65
 16 36 38 43 21 21 88 16 93 52 22 50 49 35 95 33 44 96 77 57 13 6 7 77 36 0 98 97 59 59 21 92 22 94 63 83 13 6 77 28 1 60 27 47 52 93 83 84 81 58
 3 77 26 60 50 56 24 65 1 35 49 40 62 6 86 57 43 46 69 93 57 72 41 61 51 67 89 66 23 83 11 38 80 59 48 52 74 2 92 95 50 14 62 44 2 43 67 100 42 10
 84 25 52 2 91 41 86 34 73 70 23 2 78 29 51 90 86 39 50 96 17 6 53 8 63 16 34 31 68 6 81 72 41 58 32 33 26 91 59 26 22 24 38 34 2 57 38 20 39 86
 27 72 21 85 12 1 73 73 98 77 53 60 23 14 48 94 21 78 19 92 65 24 40 41 85 91 1 47 87 50 79 92 40 70 20 25 36 10 99 34 8 89 1 79 64 48 83 68 13 47
 18 16 66 44 13 39 96 3 84 70 6 40 54 83 76 99 9 27 9 57 63 64 5 78 86 82 72 19 7 61 81 79 66 58 1 65 68 8 18 65 16 9 82 45 35 54 54 52 15 43
 48 44 93 45 44 98 1 6 97 5 77 11 47 45 52 82 33 89 18 51 95 73 20 26 76 92 50 11 35 2 21 93 74 22 6 87 25 34 71 37 95 63 79 70 94 67 99 27 64 85
 95 75 37 15 11 54 52 19 53 74 73 4 63 14 10 59 92 63 45 37 53 59 27 58 71 14 74 23 72 46 62 55 18 30 18 52 93 72 31 17 48 91 54 61 77 57 52 46 56 39
 55 63 1 90 44 17 77 83 12 63 0 26 43 90 87 76 86 57 95 90 88 75 27 16 82 95 27 64 93 63 91 41 67 23 25 64 1 0 18 39 73 44 91 56 17 48 7 4 7 12
 83 19 86 49 76 50 56 92 22 23 16 37 19 81 65 53 26 42 46 63 63 37 28 72 41 3 3 38 65 39 51 33 7 56 96 37 8 74 2 50 86 42 92 26 8 2 21 80 98 69
 89 64 93 0 97 3 25 44 7 65 63 27 3 97 74 46 79 75 51 8 19 76 56 32 61 58 6 3 94 90 51 50 84 75 26 82 94 20 19 5 54 78 20 18 5 89 51 62 60 100
 64 66 66 51 2 82 59 0 98 72 44 93 92 4 79 78 54 21 93 23 65 57 73 29 31 40 68 39 96 14 38 5 6 71 73 38 15 38 69 53 74 63 55 15 6 88 92 26 73 86
 60 32 85 85 53 14 39 74 48 44 58 85 99 73 57 97 34 60 76 78 72 41 52 85 67 23 95 79 39 40 7 51 100 34 52 2 17 37 62 87 6 84 47 97 30 4 29 99 41 36
 34 67 76 83 58 87 18 0 39 51 43 48 23 89 78 28 70 23 87 73 78 39 35 98 90 17 55 28 78 16 73 5 78 33 56 24 83 0 63 15 3 37 91 65 77 37 98 17 99 94
 83 1 72 20 22 15 64 11 25 97 35 83 69 0 74 31 27 3 9 0 16 71 63 29 78 64 92 0 95 89 90 77 55 42 86 51 22 43 91 93 3 1 16 100 8 21 90 45 59 93
 62 99 3 28 92 15 44 11 63 90 91 16 42 93 70 100 80 61 25 36 61 84 50 2 47 74 50 61 1 73 18 49 28 35 37 78 67 39 47 52 69 78 95 2 57 18 79 36 38 35
 75 5 42 6 59 65 6 56 61 50 10 70 92 5 95 32 51 66 88 81 78 47 67 56 70 74 71 16 84 59 94 6 13 22 51 62 40 50 30 28 89 91 52 18 39 49 78 52 67 57
 4 95 94 44 14 48 10 0 9 38 27 21 66 14 93 82 22 6 28 24 67 91 99 1 7 70 3 2 28 66 36 92 86 36 67 8 42 21 28 76 38 65 62 19 9 21 82 81 24 81
 92 31 29 15 73 51 18 42 38 66 34 35 12 60 49 26 48 59 34 84 20 85 61 37 13 3 52 88 27 61 26 35 60 87 34 5 15 32 60 42 91 24 73 35 63 32 75 1 57 32
 98 20 1 99 84 34 1 91 28 8 95 59 35 77 59 16 19 34 48 79 78 34 50 37 25 19 44 22 29 90 74 74 57 30 47 32 89 92 67 92 56 64 8 1 8 31 48 47 38 94
 78 16 67 85 10 11 6 84 23 45 86 97 84 36 83 55 39 58 73 7 28 68 28 50 89 33 44 46 89 56 55 6 20 21 20 100 0 4 44 99 51 19 85 17 93 3 93 74 57 12
 88 1 68 14 85 85 57 50 17 93 13 91 85 73 75 84 6 21 23 51 15 62 84 88 5 41 27 64 56 70 53 77 55 80 94 89 73 95 23 59 63 36 86 78 73 13 58 22 73 0
 41 53 9 92 19 79 7 18 78 31 43 52 48 52 46 46 42 99 46 38 21 72 67 41 99 65 61 47 5 96 29 53 7 78 68 93 58 15 15 67 50 3 56 56 94 5 4 48 90 64
 16 65 39 74 83 13 97 30 18 49 28 4 9 70 23 44 57 7 48 13 82 28 71 99 41 36 38 30 80 14 16 98 100 16 88 43 31 91 83 88 56 12 15 27 60 20 8 10 56 20
 1 21 28 56 37 74 78 98 93 3 7 21 72 90 61 87 51 57 0 100 50 87 54 68 63 39 92 28 49 1 56 99 58 89 34 38 82 26 98 62 37 44 29 39 23 92 42 89 13 80
 75 72 61 84 67 81 77 22 42 100 68 71 71 57 69 95 75 54 46 82 81 28 9 96 46 7 23 67 72 65 56 49 7 37 92 95 25 98 81 78 53 14 100 94 81 90 64 78 20 16
 94 37 90 76 73 24 6 10 91 32 24 25 49 43 13 46 82 93 44 64 96 67 23 89 10 48 32 52 59 61 83 95 11 27 18 44 20 43 61 31 21 28 45 98 37 12 96 85 61 28
 0 10 27 51 38 61 3 52 83 95 61 11 27 99 48 33 29 62 33 34 91 32 5 77 56 76 0 37 95 63 32 71 1 58 52 33 17 76 12 69 16 13 31 93 65 72 24 96 70 65
 88 56 14 8 20 76 56 69 95 68 56 34 75 87 72 60 21 30 28 83 22 86 25 75 3 41 33 68 49 1 65 39 1 43 70 38 26 26 6 100 45 52 25 67 45 18 70 22 45 13
 67 89 20 94 46 36 58 97 39 97 21 83 89 90 33 64 27 5 68 10 27 94 14 3 64 98 48 54 2 24 2 85 59 98 92 41 93 35 37 75 5 16 0 9 95 5 54 100 2 48
 89 75 94 82 69 84 17 96 98 77 20 80 41 94 97 56 60 30 39 65 46 40 21 72 30 15 54 61 46 25 36 64 81 75 87 0 44 99 86 42 53 54 60 52 90 12 96 29 4 57
 9 75 67 61 33 43 81 4 81 42 90 28 56 20 3 99 58 70 1 78 55 67 56 15 8 91 70 55 26 14 90 82 2 41 43 64 100 16 53 14 57 1 46 6 74 7 10 5 78 74
 79 75 81 70 85 44 33 86 72 27 100 68 25 36 28 12 15 36 97 24 9 9 35 55 96 32 63 47 86 37 45 97 26 27 5 11 1 21 24 38 88 9 64 64 8 59 94 17 5 17
