90
 13 97 62 194 96 10 8 188 191 92 45 151 1 179 147 175 192 16 24 112 151 80 140 197 59 143 17 185 151 90 92 177 178 159 130 162 137 199 83 42 152 2 45 22 192 165 161 144 65 144 189 41 17 150 97 35 100 127 51 71 126 185 110 193 10 25 79 125 135 137 82 192 194 110 20 85 159 58 55 68 128 61 93 37 49 26 46 22 178 174
 51 102 179 15 177 49 159 9 155 163 12 188 90 136 162 7 62 178 93 31 184 111 153 56 102 106 132 51 106 121 98 5 40 141 59 182 31 19 50 157 12 63 175 182 24 67 171 114 52 33 51 12 169 0 187 1 18 116 49 107 13 93 130 78 30 54 36 85 194 179 148 86 65 10 31 42 101 32 184 45 72 42 142 79 5 169 50 16 110 2
 80 191 3 130 179 40 182 72 101 182 77 83 99 43 151 156 153 39 73 127 77 190 112 54 56 173 164 132 72 86 158 41 138 77 63 143 144 178 166 162 101 88 100 90 124 75 49 131 35 144 196 186 192 10 6 154 174 182 67 54 164 96 156 197 61 181 95 161 179 27 157 193 89 12 165 148 138 72 183 6 75 136 34 5 6 149 59 47 95 138
 124 89 25 33 160 62 8 140 82 24 83 53 109 149 162 181 42 176 63 80 46 91 89 169 198 123 103 153 0 184 172 145 157 156 156 67 32 126 186 92 171 186 93 148 195 129 86 76 75 34 141 85 12 13 4 138 54 5 23 139 136 195 22 88 182 60 116 7 46 11 29 110 55 39 134 0 156 148 155 29 14 115 125 58 164 192 29 108 194 37
 177 187 199 76 123 159 107 119 84 132 56 179 5 174 160 73 178 176 28 101 182 51 165 56 164 43 106 151 104 177 60 74 49 163 36 66 158 103 49 130 5 2 28 108 23 106 148 81 85 85 109 94 35 48 182 155 126 17 15 88 38 114 112 156 11 96 121 133 27 13 152 71 70 121 124 169 28 58 133 139 113 103 165 72 137 124 162 176 34 125
 175 51 149 162 158 11 53 109 45 104 22 146 21 37 32 163 195 178 161 159 15 38 32 175 134 67 128 20 42 158 182 147 31 134 150 35 13 36 3 65 131 158 121 35 191 176 146 172 156 93 185 157 117 57 101 32 92 7 68 183 133 172 177 41 184 130 125 114 0 14 85 115 77 150 186 88 100 39 79 163 181 75 126 11 118 99 92 177 170 110
 11 70 55 152 52 59 140 11 112 76 69 148 95 14 84 55 131 10 129 31 179 187 36 150 81 114 84 122 145 127 31 52 198 175 156 154 172 61 136 67 187 95 112 64 153 181 196 54 165 60 5 63 174 46 104 160 26 166 196 173 35 32 194 197 172 187 135 117 110 172 102 45 5 168 150 97 174 80 192 184 24 50 194 119 77 73 102 61 118 104
 101 185 97 102 143 141 129 60 52 8 95 185 153 31 142 131 192 125 51 185 20 108 112 21 144 172 12 42 46 119 147 28 130 64 53 82 86 73 68 131 41 185 5 96 109 38 123 136 176 52 29 181 178 19 92 119 7 89 178 163 51 130 119 79 193 62 68 9 100 168 1 82 8 129 12 139 69 59 98 95 88 6 116 69 130 190 153 12 129 173
 41 14 138 129 133 152 103 77 130 31 1 191 157 125 96 189 98 126 164 198 91 50 137 107 101 8 39 192 5 83 0 24 17 136 103 86 140 180 179 112 39 126 130 94 38 48 5 170 40 58 108 82 174 1 137 14 179 60 101 162 25 23 95 65 78 187 164 186 184 158 112 32 107 128 189 25 90 53 187 123 127 19 87 93 106 166 195 127 49 79
 105 86 95 41 196 134 57 11 180 98 75 89 142 145 149 98 181 157 44 4 14 80 124 60 178 118 138 104 16 58 93 60 74 172 156 135 77 128 159 98 173 13 149 152 181 163 32 20 24 7 180 124 75 197 111 150 170 136 14 69 10 171 189 42 173 196 34 82 31 87 123 49 91 50 162 87 99 108 4 152 86 87 16 61 106 191 120 138 70 18
 133 16 122 75 53 117 157 19 41 99 166 168 10 33 28 124 14 40 96 47 133 95 5 166 88 177 58 38 4 10 15 162 55 143 131 198 45 97 117 10 32 112 51 66 112 48 75 163 167 180 141 141 7 94 126 185 171 179 21 51 200 31 66 195 194 25 137 105 27 158 51 104 182 158 56 128 136 106 183 81 158 155 90 40 82 15 43 81 34 120
 20 154 23 73 165 160 16 131 105 99 72 107 0 22 68 151 43 78 60 75 124 57 160 135 30 146 14 125 189 175 143 141 100 91 72 105 36 24 142 152 87 123 151 140 158 151 110 198 46 48 99 148 143 30 83 96 178 42 165 1 32 194 172 174 152 192 145 146 69 61 111 36 119 14 178 43 60 194 113 106 153 0 20 168 195 23 97 75 28 132
 43 106 55 26 88 67 162 80 128 174 89 177 66 55 137 7 34 91 26 2 115 76 44 123 47 194 83 56 13 23 108 130 25 175 141 105 87 41 163 129 193 149 71 54 106 116 102 102 54 25 43 136 156 34 135 53 97 79 159 47 182 4 162 126 39 21 41 43 177 145 170 160 116 11 139 173 36 143 17 194 10 126 55 132 63 107 71 123 22 59
 70 185 23 182 80 124 169 99 133 173 76 93 7 92 25 64 97 136 15 118 181 20 162 63 157 50 130 4 166 57 103 34 7 4 4 1 118 164 117 76 179 162 117 165 95 179 120 169 63 55 89 193 84 90 70 44 139 193 162 139 122 59 162 185 16 70 22 174 99 162 114 149 45 38 131 29 162 82 21 93 145 36 160 132 55 39 143 78 114 158
 73 45 20 170 145 53 94 48 99 193 119 79 129 198 177 143 2 32 22 154 112 162 106 45 149 137 194 18 14 160 44 186 139 165 44 66 87 95 151 146 120 155 33 110 30 73 143 73 186 83 15 74 63 7 142 101 95 189 159 13 141 3 50 193 77 150 178 84 136 8 198 188 12 118 130 188 16 95 7 127 33 146 66 144 137 145 64 184 26 193
 24 81 139 19 16 137 41 52 44 13 113 35 90 194 33 121 43 165 68 92 107 54 134 89 149 157 194 186 57 170 143 101 70 120 118 137 59 194 163 112 98 133 8 141 124 1 0 106 3 67 171 7 64 144 84 154 49 49 200 20 77 34 107 49 148 194 17 195 160 169 106 10 11 142 179 196 164 136 191 108 42 69 68 145 122 100 171 126 89 133
 138 159 12 74 177 125 88 197 113 173 156 34 97 116 146 20 190 77 42 171 29 102 38 153 100 139 45 111 43 74 133 165 91 108 42 54 128 19 171 192 23 9 137 101 181 54 118 77 82 118 84 136 93 182 108 86 30 66 128 154 14 70 154 106 58 64 197 65 170 31 176 197 2 117 68 21 116 131 47 18 32 193 72 100 174 125 162 25 182 187
 168 35 86 5 175 192 27 175 25 58 121 45 197 126 138 64 186 106 128 180 119 89 172 58 88 1 191 59 33 58 130 47 25 12 21 43 50 154 93 161 169 35 160 170 136 166 178 178 189 122 0 1 28 153 143 102 200 129 9 93 148 134 56 86 103 124 58 6 176 76 20 13 109 7 48 130 158 174 80 176 121 135 127 32 75 99 20 15 94 27
 125 163 53 95 159 132 77 46 58 16 95 141 197 190 75 19 193 87 79 115 70 46 113 132 138 39 105 129 128 133 136 100 136 136 134 105 19 85 176 15 102 105 157 125 106 36 176 62 197 134 162 143 1 56 133 162 114 187 94 85 59 61 84 98 9 189 79 174 10 119 181 162 120 99 78 10 79 40 3 153 12 155 83 45 38 97 179 45 19 180
 198 190 8 69 16 82 137 2 70 12 2 148 76 94 183 143 135 190 142 102 149 119 149 119 174 75 158 70 48 197 196 34 127 33 104 143 122 5 192 35 23 192 81 83 123 16 164 25 166 60 50 104 166 86 160 16 35 167 87 116 182 158 23 142 100 139 63 18 103 0 94 146 88 110 6 40 36 138 80 116 174 167 115 173 193 182 169 77 134 81
 168 95 111 148 73 178 180 47 134 79 72 105 178 108 143 11 46 188 26 21 143 125 140 190 87 100 47 84 21 158 43 82 161 3 64 140 101 186 41 128 82 41 55 191 45 134 190 184 88 177 123 84 124 23 34 72 27 176 164 166 192 2 48 116 23 75 75 188 116 84 83 5 137 182 185 85 122 101 126 139 110 193 42 61 93 199 101 128 12 196
 178 67 76 39 22 28 78 63 36 121 192 82 107 188 114 187 25 20 125 3 169 12 5 117 79 81 77 178 178 44 169 121 27 33 106 43 136 163 50 15 186 153 99 161 31 11 17 75 134 177 113 8 149 76 138 47 143 175 132 155 26 62 124 185 82 49 5 36 125 65 95 3 119 143 102 61 136 7 98 78 161 138 103 155 192 187 37 34 123 113
 102 33 197 171 101 142 4 33 9 130 19 134 77 86 15 36 156 19 199 16 0 7 20 43 122 144 186 188 200 47 2 98 117 80 71 37 42 23 5 31 153 189 41 139 126 172 146 86 167 161 144 13 115 55 157 92 193 185 112 14 41 141 101 12 6 28 113 64 187 181 164 114 1 117 59 10 112 191 192 179 83 78 115 23 113 140 165 95 84 198
 105 18 153 50 161 138 186 121 75 25 169 120 139 40 16 92 29 33 148 154 42 183 81 189 188 117 59 70 21 104 101 81 113 125 51 148 92 159 153 137 55 90 4 75 138 79 168 168 59 136 92 134 197 155 163 162 102 179 142 85 55 166 53 108 9 125 173 5 187 134 83 198 8 161 85 73 66 140 122 76 17 182 33 3 25 190 195 194 198 105
 4 88 34 136 179 45 56 56 82 15 165 139 45 200 62 151 168 157 147 149 69 94 69 4 163 198 149 189 0 136 5 58 161 70 118 192 63 186 90 192 92 103 81 168 16 198 16 27 166 147 9 154 36 8 154 34 2 149 89 139 86 184 66 36 146 166 154 85 11 32 107 173 79 69 25 130 145 71 100 197 139 117 56 19 181 25 28 77 155 60
 92 110 65 90 198 69 68 67 198 95 84 25 160 164 33 88 40 196 163 68 59 171 63 5 195 48 120 12 109 38 196 21 185 78 155 153 37 196 22 80 119 42 124 24 34 171 99 44 146 182 72 8 2 9 82 70 94 159 3 73 10 91 187 32 193 171 95 45 30 67 92 27 68 110 186 2 39 68 98 173 92 139 89 20 93 169 84 9 98 121
 26 198 137 190 96 58 166 176 139 80 120 41 11 188 154 11 19 166 111 16 158 55 120 140 19 79 142 146 84 147 80 108 146 51 103 131 196 27 157 86 75 172 53 8 123 160 87 96 33 118 73 109 30 121 100 199 174 177 45 76 136 177 198 70 172 167 21 26 44 3 163 152 122 11 167 50 112 11 200 99 21 171 90 175 53 42 22 154 124 181
 17 90 132 27 17 176 11 80 149 173 139 21 178 181 66 101 169 161 135 69 92 165 172 116 7 55 148 142 147 55 25 173 99 2 72 48 109 10 102 163 66 31 124 121 181 45 155 1 192 159 162 151 172 1 4 71 10 194 30 135 0 23 111 178 179 126 139 154 167 151 39 28 99 136 44 86 31 40 135 198 145 19 35 99 72 65 124 60 110 19
 124 173 41 40 120 142 153 8 4 48 8 162 117 52 55 74 115 34 112 157 74 161 53 50 121 184 139 52 170 173 98 78 19 84 163 12 149 136 99 176 20 58 9 84 183 79 190 127 10 167 90 199 124 103 38 47 133 73 37 124 98 123 23 72 167 31 181 128 198 163 109 31 5 16 78 152 71 159 143 184 26 109 22 181 156 107 109 109 164 83
 169 129 129 191 187 44 76 46 134 106 113 146 102 184 48 16 193 183 81 8 188 31 51 150 22 115 72 76 122 162 17 91 188 103 146 198 198 148 81 95 4 116 164 175 13 160 175 46 33 196 132 89 35 180 108 148 164 108 154 88 153 104 64 140 28 167 136 111 50 120 105 33 64 142 171 18 142 5 113 129 115 132 71 4 73 176 189 169 142 105
 27 133 67 44 25 172 9 1 63 25 74 152 161 80 196 20 134 29 162 109 109 15 124 36 186 93 106 34 4 198 101 137 56 187 95 139 26 166 83 26 8 49 27 98 187 54 120 163 9 162 182 44 23 75 68 129 66 18 127 119 160 4 176 188 176 142 33 0 197 157 2 88 137 112 118 142 30 34 84 12 144 107 193 130 75 155 28 129 105 170
 124 151 174 107 91 130 24 183 125 61 114 117 48 39 13 27 47 190 14 124 111 200 183 195 150 98 180 50 64 190 6 101 180 5 167 149 126 18 97 86 9 66 131 181 169 134 198 94 156 108 115 69 133 172 188 130 130 53 28 70 128 89 70 126 30 67 124 34 111 59 98 177 148 54 148 148 92 198 57 64 34 173 189 185 132 30 24 138 154 119
 28 137 49 9 165 125 65 93 56 82 1 14 179 146 148 179 104 176 101 144 64 109 21 193 48 163 55 47 71 96 112 193 54 132 154 129 148 159 177 98 122 118 10 132 42 48 121 42 31 38 156 193 28 31 130 27 173 128 151 196 131 84 25 25 135 174 49 137 157 137 116 89 146 151 94 79 45 128 13 141 120 120 27 110 131 140 184 38 139 56
 193 155 3 104 39 83 29 131 116 126 78 200 81 146 152 166 158 197 27 124 143 71 168 10 191 70 95 163 183 174 133 86 148 18 157 8 15 74 6 164 7 48 185 68 0 60 91 68 178 172 100 34 9 121 185 76 157 103 63 112 19 116 66 54 15 82 193 16 137 174 23 130 77 67 155 159 81 132 69 55 140 123 142 27 127 62 112 76 184 144
 56 89 34 79 113 142 136 56 179 140 166 72 196 71 145 14 148 100 110 2 76 95 177 124 187 141 149 98 165 68 138 23 47 160 104 109 123 130 1 113 113 68 71 42 49 196 186 147 164 57 127 33 120 4 140 6 8 124 15 30 21 101 181 122 137 198 188 38 8 97 92 152 144 149 39 85 75 96 83 13 15 83 48 164 29 163 66 8 170 42
 8 74 6 74 134 101 185 13 171 103 93 48 45 191 27 76 88 164 135 170 51 45 85 124 90 153 110 150 34 89 71 81 36 56 91 127 31 156 157 150 25 94 115 79 164 147 131 119 81 55 78 70 157 58 149 183 127 66 145 55 7 90 135 79 21 5 152 88 56 198 170 8 117 55 139 4 47 158 66 130 109 16 79 160 21 28 20 37 34 118
 198 162 140 123 177 151 128 115 56 162 67 124 195 122 83 134 145 122 129 21 159 96 101 194 18 127 104 125 143 12 15 10 163 57 49 24 112 179 106 18 38 153 174 168 15 192 68 137 192 116 5 136 94 51 50 90 191 78 175 162 119 43 39 190 33 110 136 198 49 89 187 135 109 71 177 176 87 36 72 95 117 188 81 151 72 179 33 133 61 75
 60 197 107 103 122 130 175 71 165 184 84 123 17 95 122 90 69 74 125 135 71 112 100 19 15 8 2 153 182 24 152 34 73 35 53 105 183 131 73 137 158 54 35 106 162 175 137 38 52 54 48 110 141 135 132 50 73 8 176 102 79 138 117 157 167 147 154 174 198 67 94 29 167 3 139 102 1 105 4 192 35 97 158 177 12 172 172 104 74 176
 171 120 18 3 131 194 146 86 1 125 162 92 35 175 27 167 133 161 73 60 126 79 93 51 71 52 60 86 61 111 24 154 109 53 150 152 98 137 177 32 31 27 168 12 134 121 161 172 112 114 61 147 107 158 185 184 56 63 96 128 17 200 17 68 185 163 143 61 178 25 25 1 90 184 160 191 153 63 198 66 123 170 115 122 150 82 22 152 7 116
 187 185 97 155 35 17 19 175 195 55 114 196 92 168 171 71 42 65 173 92 106 72 90 190 168 29 101 54 114 197 73 84 18 69 128 136 166 40 95 156 93 151 6 10 83 121 134 117 44 27 13 6 148 83 145 69 126 64 67 191 167 152 88 196 137 49 11 43 5 179 14 165 58 127 141 21 30 64 72 112 27 74 192 115 36 32 109 76 134 122
 177 38 156 69 189 41 115 43 94 186 21 42 54 130 190 21 125 31 116 32 184 94 121 193 49 180 179 103 79 145 102 144 6 55 119 109 80 177 129 38 43 60 95 121 5 111 164 43 34 50 140 5 43 187 130 107 46 180 47 171 173 146 104 99 117 161 185 125 190 167 122 188 96 114 24 154 60 41 142 48 56 198 67 26 148 15 145 141 91 11
 177 104 156 27 146 132 176 180 119 177 179 97 36 86 133 134 0 82 126 61 148 52 7 39 147 14 8 180 109 138 137 172 24 36 104 64 3 137 153 92 112 28 200 24 56 81 157 107 107 148 158 37 19 26 197 186 115 21 69 122 0 44 96 52 17 92 54 72 117 56 100 97 31 22 13 107 127 43 164 46 17 70 63 172 55 94 140 166 177 155
 198 94 166 166 154 156 62 14 149 67 147 152 119 47 75 53 18 172 128 50 188 103 13 83 109 37 177 92 154 12 26 108 40 45 15 66 169 97 182 97 120 38 52 148 97 108 36 178 140 75 87 65 0 126 49 180 180 56 195 58 4 29 8 155 196 29 57 47 37 84 148 38 10 6 33 40 22 197 17 120 103 37 91 91 172 83 109 106 19 135
 140 22 126 67 4 103 33 9 148 52 123 6 117 151 103 59 176 62 131 33 37 168 77 44 176 187 73 85 125 45 24 172 114 145 72 164 174 52 86 67 12 18 19 53 16 103 155 8 148 136 174 53 69 166 163 42 92 165 90 53 17 145 190 66 194 39 92 39 19 159 38 132 97 110 61 85 83 91 120 109 157 40 140 182 4 5 95 174 183 126
 177 118 114 106 25 143 19 13 54 39 67 100 195 92 43 21 126 169 152 56 187 183 102 114 18 186 177 98 174 196 8 193 164 13 152 181 135 131 108 92 103 170 48 50 65 110 5 180 87 119 34 2 21 32 96 163 54 17 21 57 21 3 128 49 52 188 20 148 147 127 30 125 177 105 107 197 136 87 129 91 27 125 195 149 41 87 69 59 13 26
 20 110 114 75 122 120 157 98 41 54 179 44 194 156 167 139 160 41 28 22 60 75 123 144 160 1 27 83 189 73 104 129 119 80 30 78 163 173 182 98 21 129 112 198 26 181 27 200 187 8 28 15 172 99 138 28 170 175 149 132 150 80 110 32 20 20 68 184 109 195 1 121 7 39 46 73 26 72 86 84 100 173 112 115 122 12 12 166 63 197
 15 166 161 111 4 115 172 60 64 87 175 78 23 42 177 105 192 94 40 79 132 125 97 103 112 31 35 9 77 122 177 65 33 106 151 117 87 75 40 93 88 142 102 123 123 155 81 166 98 60 176 7 167 69 104 85 18 169 113 59 23 155 57 57 157 93 126 28 109 50 55 58 133 129 87 2 53 153 166 51 47 179 120 197 195 152 62 169 97 132
 50 165 31 46 10 176 56 19 43 142 83 158 110 126 3 197 109 185 95 110 86 149 69 66 55 16 109 111 61 27 149 45 12 22 42 126 192 152 71 174 126 185 148 43 60 62 90 16 34 137 169 102 6 10 149 189 185 142 67 12 165 36 99 77 101 146 127 98 89 84 12 63 34 157 196 83 56 24 184 154 186 42 135 49 172 162 114 108 195 117
 143 153 152 38 1 13 114 52 113 121 144 145 100 179 160 93 36 89 127 125 181 25 189 26 44 95 34 142 35 110 102 61 16 68 156 11 39 77 34 99 170 0 80 193 180 165 177 164 131 190 148 70 39 98 183 129 200 193 27 158 190 33 18 10 60 73 56 26 62 30 140 22 103 111 151 186 64 174 44 192 143 175 156 113 115 178 49 140 125 165
 112 72 109 71 134 10 73 1 155 199 120 127 107 110 19 25 169 175 179 91 56 99 8 159 65 14 30 112 148 100 10 178 167 7 48 44 120 102 19 170 7 180 194 196 7 113 140 143 150 19 43 51 199 180 125 11 35 130 135 92 144 182 100 49 160 113 48 154 153 80 59 63 178 175 100 28 64 75 15 179 54 65 115 188 159 189 184 138 74 163
 33 185 18 131 168 164 16 151 172 106 40 121 32 13 79 53 106 168 125 109 7 116 155 136 3 180 58 126 30 150 72 27 147 73 54 151 62 167 7 80 28 195 72 43 63 102 69 99 145 174 66 6 121 28 174 19 87 18 71 51 68 63 151 154 200 134 46 37 40 14 67 65 158 7 92 164 154 29 113 81 44 0 155 87 72 130 10 171 195 138
 121 92 9 4 194 191 34 134 101 51 145 32 186 182 74 30 24 73 89 53 64 179 193 61 45 83 92 105 154 180 89 87 174 62 163 27 34 48 73 174 70 147 86 73 108 172 55 8 152 60 35 20 22 40 106 36 167 28 28 28 135 195 46 131 117 90 66 133 1 152 133 24 104 191 110 96 146 98 8 38 150 129 191 190 145 189 68 23 144 168
 196 69 189 93 157 115 135 121 31 192 40 118 135 114 100 50 128 144 7 154 50 196 4 182 142 163 129 34 132 183 43 40 60 117 58 113 61 13 146 2 137 42 18 152 8 147 171 154 197 132 157 193 41 33 36 90 117 1 169 177 82 9 39 93 107 113 109 139 74 73 92 89 131 120 101 81 59 156 62 95 108 127 103 21 129 127 59 164 118 0
 86 92 101 28 170 75 33 59 57 105 53 104 96 77 21 86 90 46 31 59 167 142 93 165 59 24 1 15 157 23 8 64 70 190 149 26 61 198 30 99 119 83 33 187 147 187 138 119 200 94 52 60 70 145 38 35 170 136 29 181 149 62 116 2 146 194 141 40 108 80 149 179 116 21 137 68 121 153 190 136 75 1 132 127 84 30 175 142 50 185
 188 121 150 97 131 183 177 160 120 49 198 78 21 91 58 8 90 185 115 148 25 17 150 115 83 19 192 71 146 33 11 49 16 128 160 53 15 195 90 173 11 110 8 11 40 125 118 62 29 88 27 47 191 18 191 125 112 48 114 158 117 69 150 163 162 141 48 76 131 54 47 189 138 41 86 54 3 12 125 94 146 126 46 188 185 79 0 109 93 133
 145 97 116 173 142 187 78 36 154 179 15 87 161 142 180 134 31 117 54 144 77 46 128 55 35 81 108 108 6 52 137 130 90 177 25 42 72 81 67 155 196 46 89 136 200 80 71 130 21 193 45 25 1 30 99 134 63 25 38 160 40 182 10 198 119 135 162 17 155 150 183 158 171 154 16 148 107 4 95 180 101 123 77 122 84 25 148 140 116 100
 15 12 141 187 84 165 47 80 121 107 117 19 157 167 26 45 160 8 166 43 131 91 8 175 150 53 171 56 132 0 10 146 101 182 125 72 145 165 40 62 72 124 50 148 200 75 152 119 189 114 85 36 64 97 82 47 30 57 89 106 8 38 182 181 7 123 67 119 92 145 186 197 76 49 40 65 10 124 148 104 87 123 163 73 164 153 182 68 87 50
 11 14 20 108 186 177 86 182 19 105 162 106 98 123 175 154 67 30 76 66 151 103 138 192 12 132 172 91 113 65 70 197 89 135 138 155 27 71 96 25 9 69 56 19 31 119 48 148 83 126 151 3 189 68 142 47 127 190 59 83 71 81 182 100 16 117 93 23 112 47 196 59 99 127 81 24 33 90 34 28 185 63 144 191 91 86 144 21 55 133
 139 78 65 98 84 131 122 159 60 9 119 112 176 66 182 48 2 84 6 49 76 160 48 56 56 55 171 152 79 185 34 103 101 13 9 56 25 46 169 13 64 50 43 135 109 62 194 37 64 150 145 15 7 88 29 79 189 72 103 195 20 30 10 116 21 63 140 80 171 49 138 75 23 108 84 121 56 36 157 38 169 86 135 91 117 130 99 59 82 181
 51 117 131 28 93 13 16 148 193 102 190 75 145 82 180 174 175 87 67 109 125 35 84 169 184 196 10 26 57 78 83 144 149 73 72 56 106 195 69 141 22 21 184 174 137 196 25 38 44 57 20 65 107 88 115 155 56 62 192 159 18 50 183 107 18 115 83 130 74 135 25 70 91 101 160 63 148 57 71 124 119 3 93 106 69 60 125 47 17 99
 52 39 118 124 117 4 11 184 155 189 6 3 32 182 41 120 155 134 149 7 95 80 50 31 73 184 98 166 140 183 20 179 181 146 189 138 28 83 195 5 25 3 18 136 81 10 29 44 39 85 41 126 197 112 88 85 189 20 160 184 161 27 189 175 89 94 53 171 47 146 38 98 103 183 173 5 159 184 103 117 180 84 76 162 99 98 25 84 99 133
 98 127 89 82 97 103 188 33 19 163 135 180 184 175 79 90 103 147 185 89 137 189 180 28 174 6 188 162 188 39 113 60 101 162 11 86 47 49 190 67 34 152 182 90 36 0 55 194 90 104 46 121 84 50 118 113 94 84 197 195 163 131 146 132 85 179 54 77 78 41 7 145 28 97 148 181 24 67 12 12 192 176 94 175 119 186 82 102 191 173
 105 69 104 121 185 157 52 8 130 110 55 173 99 100 12 153 100 179 131 188 38 123 107 5 157 127 78 151 2 57 46 74 52 21 97 3 2 29 183 127 79 147 15 189 118 111 86 123 191 193 140 174 188 67 188 109 19 107 131 150 159 62 113 82 195 92 124 163 112 89 143 151 181 150 18 30 9 186 59 161 88 65 68 154 151 122 39 33 179 176
 38 14 53 148 115 132 30 76 13 160 200 148 134 38 110 58 52 9 86 200 64 13 47 25 120 107 133 125 18 135 43 104 91 99 12 124 182 129 105 57 182 146 45 152 124 99 46 111 60 38 42 110 122 14 41 189 65 134 98 181 156 137 46 171 154 83 18 199 21 124 10 188 127 78 135 155 134 168 176 99 108 197 168 124 88 23 96 180 198 38
 161 17 109 79 194 53 27 129 101 186 9 21 27 69 70 114 138 1 176 198 121 15 38 181 109 110 86 134 161 42 136 89 76 149 68 121 4 105 110 128 151 78 25 172 148 96 178 15 118 105 180 20 170 70 144 178 120 180 123 144 60 151 74 152 6 116 88 95 194 149 200 101 22 156 63 159 133 163 122 139 15 12 124 198 63 112 195 61 191 13
 98 193 46 105 0 181 94 47 37 185 123 89 116 146 107 164 175 82 165 167 194 126 70 106 163 62 26 107 3 179 23 114 172 71 162 169 65 142 171 31 71 107 154 122 131 101 19 37 90 12 57 28 127 29 32 175 97 5 179 128 87 182 137 194 8 12 162 33 170 1 116 59 170 8 42 25 190 143 163 171 172 170 119 16 154 136 31 20 86 168
 64 122 12 178 128 133 72 10 136 23 93 100 54 133 57 38 119 36 116 101 28 21 20 121 66 170 198 197 143 149 109 56 174 11 78 139 55 4 57 56 49 180 50 81 191 158 53 46 51 130 93 27 73 62 58 10 177 69 37 13 109 20 76 67 6 113 129 76 2 130 197 150 200 135 25 183 117 170 165 192 143 154 1 24 154 191 192 87 188 177
 17 96 147 32 56 105 115 78 142 95 187 66 72 149 38 152 162 55 101 23 81 190 55 164 47 60 20 113 54 163 175 96 42 196 71 153 129 195 26 195 27 33 179 171 190 102 174 125 108 11 78 87 49 200 187 137 101 148 133 39 83 69 143 154 18 20 175 189 66 136 146 92 18 119 198 22 146 48 176 59 62 68 173 44 28 55 42 107 36 113
 24 8 70 164 118 7 121 30 92 23 124 142 81 27 192 47 129 61 80 97 155 16 64 109 121 70 136 97 77 199 105 95 191 46 111 98 46 73 71 12 51 193 142 21 46 151 86 62 106 90 175 25 100 139 146 128 197 177 70 138 169 144 104 74 14 109 195 198 185 111 85 141 137 133 87 124 11 185 66 21 2 155 197 25 152 127 3 160 40 167
 198 180 54 38 90 162 164 8 98 86 87 23 120 97 146 129 134 41 136 13 108 27 89 185 145 68 164 125 114 198 126 115 67 45 157 128 88 93 87 119 172 98 33 13 156 92 124 32 70 81 135 16 108 192 174 79 50 75 166 111 50 104 51 111 141 150 195 12 189 94 144 73 1 193 182 104 66 106 166 43 166 68 131 164 63 156 39 43 67 198
 69 16 48 26 19 174 69 88 7 118 13 28 49 77 131 104 168 17 116 32 12 168 197 13 141 96 74 61 104 89 24 183 22 65 67 58 50 65 7 0 134 91 77 161 16 29 31 14 172 57 174 58 66 89 192 188 184 84 41 182 189 20 85 163 1 154 46 97 79 82 38 104 118 81 19 160 14 31 54 85 141 167 88 80 89 141 66 197 96 83
 173 161 172 186 59 194 181 49 196 170 108 140 66 67 181 126 61 27 90 165 152 39 126 18 59 49 55 150 32 136 162 168 196 45 81 57 107 49 38 55 198 2 77 50 121 43 180 191 98 85 149 187 90 32 198 11 17 95 12 49 184 91 96 42 126 1 29 93 102 67 90 122 30 80 132 97 23 147 88 23 104 14 6 94 41 35 131 49 158 95
 138 97 75 144 51 114 102 109 15 145 23 184 69 134 73 82 68 8 70 152 30 78 197 138 58 52 55 43 127 57 77 179 146 47 193 28 98 152 168 147 91 123 54 178 91 156 15 177 82 176 174 156 34 97 115 179 39 78 173 54 145 14 81 140 103 32 186 45 70 161 96 51 136 192 149 103 155 76 11 189 87 153 5 14 79 106 96 126 98 124
 87 110 156 44 62 106 54 189 63 63 83 190 145 33 40 26 10 70 160 62 70 123 8 86 198 180 17 45 197 11 14 126 69 51 106 76 108 129 56 179 11 168 169 178 160 89 38 149 110 44 105 56 119 86 148 199 183 169 115 109 89 1 34 98 196 109 110 100 182 187 53 140 167 20 177 38 93 152 170 159 50 185 173 58 56 136 57 61 75 65
 27 121 162 52 120 100 53 147 92 35 115 122 193 177 75 33 141 188 9 184 29 130 37 11 33 106 137 135 76 172 57 120 131 175 162 150 99 42 50 157 194 134 154 89 191 84 80 189 180 30 153 167 74 173 108 187 35 85 106 85 69 144 65 10 179 10 123 51 148 149 115 35 144 17 120 77 33 87 140 19 192 71 197 98 158 76 64 109 44 68
 138 48 128 97 70 137 19 84 110 9 196 130 87 88 18 32 189 111 62 85 113 111 95 28 99 135 23 29 189 100 14 196 6 54 14 17 181 48 172 200 125 14 16 37 106 78 190 96 20 185 110 56 12 130 123 35 57 17 196 50 122 46 101 146 46 37 16 178 92 186 180 119 73 28 55 177 124 2 123 104 51 77 53 40 199 31 144 32 83 184
 159 69 176 153 127 43 31 158 40 21 145 138 128 108 165 44 160 144 187 28 93 174 131 110 44 101 192 151 37 114 71 134 149 18 45 159 197 177 71 132 128 108 57 2 191 66 164 141 72 41 161 102 161 149 25 187 38 168 94 46 75 56 163 178 108 22 191 143 20 184 139 34 27 19 31 9 25 62 89 73 125 85 197 189 83 68 170 71 125 158
 152 95 114 173 166 176 69 142 73 113 195 136 148 198 141 198 19 181 41 155 72 127 83 196 9 125 174 100 173 31 59 126 150 3 101 10 53 133 33 10 133 72 65 163 191 185 133 150 164 170 91 22 86 195 29 110 44 131 28 83 45 160 131 15 143 161 32 160 132 158 41 4 29 55 5 55 69 81 178 134 19 148 180 128 178 186 63 32 43 91
 164 194 69 163 94 109 20 159 68 9 85 105 194 175 96 192 131 14 107 45 130 158 169 8 85 12 41 111 142 84 109 52 123 12 120 138 170 95 120 45 4 129 157 188 63 86 60 86 149 22 127 176 50 195 124 50 111 64 7 84 158 48 167 11 102 135 29 185 27 200 91 9 73 102 80 121 189 103 167 69 27 117 64 136 52 74 193 0 96 73
 21 35 41 44 98 112 41 26 79 159 145 160 74 72 113 141 133 155 123 137 64 92 141 4 97 139 80 81 198 143 185 128 122 68 96 76 158 11 80 196 36 156 155 171 179 164 53 162 157 91 153 80 105 24 12 67 74 164 158 131 41 52 177 150 45 96 42 177 50 61 83 2 190 96 109 104 101 5 143 91 52 158 194 30 53 194 180 82 160 43
 199 37 103 154 80 154 159 154 14 50 110 188 97 4 132 24 58 36 57 199 51 53 105 100 196 123 51 14 14 165 23 184 147 111 16 4 187 38 65 78 109 64 75 76 31 38 15 87 32 102 94 152 78 159 16 9 69 1 53 82 87 110 30 23 167 74 198 43 116 139 184 107 62 141 58 79 106 35 148 106 110 92 126 119 189 21 66 150 80 133
 143 92 173 156 48 101 190 93 101 112 130 170 136 143 198 116 62 4 2 95 83 152 100 34 28 125 32 194 97 105 143 84 44 195 185 32 7 130 167 56 101 66 62 164 8 91 54 82 107 98 131 179 58 172 131 110 93 113 152 176 195 66 167 168 145 22 70 123 117 17 48 47 169 44 97 90 28 189 158 177 114 47 71 163 155 45 93 90 129 125
 56 174 166 166 197 98 129 118 84 44 164 105 62 144 53 186 174 71 113 185 95 135 65 0 90 61 48 179 63 153 8 60 199 53 103 97 179 68 106 34 194 1 151 51 57 24 42 90 48 194 7 144 15 144 69 9 61 168 57 193 138 82 127 92 31 157 170 27 35 72 77 65 128 148 3 117 156 121 46 155 47 142 89 51 32 103 176 27 168 163
 44 200 20 166 15 19 188 109 0 173 46 67 178 20 164 76 9 139 95 122 10 107 149 189 135 114 54 143 101 105 23 184 75 135 102 123 49 78 147 74 118 6 195 106 151 13 52 51 82 93 78 99 114 11 9 74 23 115 152 101 138 135 190 61 27 80 16 138 188 162 118 85 17 39 197 119 76 40 90 31 62 14 119 163 28 12 147 96 138 119
 0 157 126 119 27 125 186 54 90 141 14 113 58 174 92 53 200 6 92 98 80 4 53 47 84 165 77 75 40 24 9 50 38 88 41 68 147 106 138 48 48 179 21 186 157 178 140 113 64 148 23 62 0 78 156 113 176 57 87 97 23 8 192 119 4 33 7 5 146 53 101 47 151 61 177 93 44 174 107 15 73 110 66 37 28 192 9 74 110 1
 35 150 57 72 178 124 183 147 87 67 44 106 38 40 30 3 135 180 168 127 134 34 67 59 131 188 29 47 119 125 133 23 88 92 90 63 177 80 176 156 104 50 117 58 68 123 96 47 46 42 24 110 19 177 99 172 126 12 81 179 122 94 87 16 55 139 126 94 6 195 104 167 51 158 100 89 135 27 74 28 186 71 107 84 40 113 175 140 20 147
 185 35 200 123 113 168 2 178 47 45 183 175 153 41 192 21 22 193 167 18 40 40 14 145 3 18 87 124 189 27 139 77 97 184 117 174 8 146 158 182 117 124 18 29 40 97 189 42 158 146 29 18 191 22 166 181 88 119 147 153 33 121 39 87 105 147 142 121 158 46 105 43 17 172 14 152 64 115 134 11 74 30 43 165 100 50 150 111 59 78
 134 111 23 139 120 71 146 163 183 13 164 153 25 133 145 173 34 174 81 194 64 6 22 134 49 109 135 121 105 48 74 129 195 30 158 82 60 183 12 108 28 67 70 163 139 22 103 9 129 193 96 102 125 140 25 108 130 29 157 73 20 199 9 18 117 178 128 181 29 146 80 126 129 148 55 15 172 112 29 89 84 49 84 48 53 176 179 162 85 200
 25 118 165 42 192 184 175 97 16 27 104 34 98 94 181 145 162 143 183 167 14 72 125 106 146 117 77 148 161 57 181 26 142 114 36 128 178 80 7 39 113 160 56 172 122 81 136 149 150 139 36 184 79 192 66 129 59 73 86 76 169 173 122 179 128 33 196 168 135 121 174 149 73 138 28 187 42 197 151 185 89 41 92 115 192 80 2 48 194 114
 116 116 34 127 77 109 197 114 45 25 2 138 122 26 143 95 161 60 131 125 168 122 189 142 138 146 59 179 149 145 157 130 60 28 134 62 173 180 14 138 165 140 187 182 17 75 185 93 36 149 177 72 24 175 194 144 101 66 120 168 112 128 194 161 23 40 18 135 10 29 110 113 18 175 111 55 39 56 128 70 180 65 155 19 77 33 96 91 177 44
