65
 12 91 70 81 22 60 84 0 34 48 78 58 81 78 65 34 93 74 77 18 91 6 76 25 18 3 43 81 82 90 90 32 5 25 96 81 83 81 36 28 48 73 84 91 15 53 6 41 16 33 99 14 18 44 68 93 3 79 50 59 20 11 3 7 75
 17 80 56 27 63 72 6 20 20 61 77 96 22 26 84 18 97 72 89 25 32 68 24 62 88 85 2 53 28 79 79 54 69 64 88 72 37 56 25 57 73 85 53 60 82 87 37 13 93 4 96 83 57 76 20 65 33 58 92 43 100 96 42 76 79
 96 21 48 90 68 15 77 37 20 14 42 6 8 60 11 91 83 59 64 14 82 89 9 51 89 76 49 94 53 7 98 79 48 76 50 67 60 56 79 87 91 80 20 86 91 47 15 3 82 26 34 45 27 44 44 68 2 60 91 3 10 60 20 55 64
 67 85 59 54 59 91 18 47 17 85 2 64 93 79 57 67 50 38 39 25 93 97 91 55 28 19 40 47 68 75 19 59 14 7 76 23 24 17 76 7 67 88 58 53 24 95 85 69 100 43 39 64 18 78 85 22 2 42 13 99 71 21 99 53 28
 87 76 14 98 54 33 59 83 0 26 64 54 29 63 75 3 52 61 31 33 88 71 44 68 88 64 19 45 25 6 29 41 67 96 96 27 20 75 90 3 68 12 81 72 9 7 64 15 28 62 26 97 65 58 85 84 26 81 34 22 27 32 15 71 82
 15 98 80 43 68 88 96 44 54 47 10 21 42 5 59 78 58 17 62 38 13 11 12 0 51 63 58 21 39 29 4 76 96 100 46 9 75 55 54 78 85 82 27 16 14 90 52 60 33 32 63 43 27 95 27 30 86 11 50 91 30 53 94 41 64
 99 62 73 66 71 17 12 94 95 54 14 27 17 3 70 75 82 92 97 4 46 58 15 97 30 85 47 44 53 94 20 23 80 54 12 79 44 83 17 63 16 86 69 99 10 97 85 55 38 64 38 47 23 100 83 95 97 93 50 99 48 21 19 62 6
 90 83 56 85 96 5 13 86 39 40 6 51 22 30 46 100 71 8 42 71 96 64 73 48 22 68 64 97 63 80 85 50 26 62 33 60 47 57 18 84 11 94 75 61 59 27 68 80 39 19 51 18 16 78 15 97 90 76 29 99 17 15 84 66 56
 75 31 12 30 100 45 68 17 75 57 67 39 45 99 15 29 2 64 17 56 19 23 91 59 41 89 97 39 54 3 35 19 57 53 69 18 80 72 37 19 26 75 30 86 70 51 92 56 77 1 99 11 0 44 34 33 71 28 37 8 6 47 91 87 80
 18 29 19 44 32 66 28 70 10 42 7 90 42 29 87 31 78 27 88 40 90 38 71 76 44 19 89 40 95 59 78 98 98 71 62 32 73 24 41 0 74 91 92 62 11 97 59 98 77 17 42 89 70 8 82 22 60 20 47 11 50 5 13 58 84
 85 34 64 90 4 39 3 0 30 74 36 67 47 22 98 0 4 53 5 76 12 17 0 84 72 64 95 2 47 91 83 33 62 55 93 69 15 15 46 73 67 2 2 59 4 30 56 53 41 53 52 21 40 26 35 58 71 37 99 27 78 64 70 58 89
 44 42 15 72 8 46 50 78 33 8 62 99 39 24 93 21 28 54 8 61 99 84 44 97 93 17 26 15 97 22 39 84 96 53 91 83 78 47 61 33 60 89 28 5 55 67 63 95 89 53 82 49 22 91 36 44 8 52 26 3 76 61 57 41 47
 54 7 97 79 89 49 38 1 75 27 27 16 21 92 34 48 68 69 97 56 95 28 81 62 35 85 79 26 67 84 40 60 34 50 26 24 18 30 17 55 81 49 30 37 13 29 95 0 35 30 84 54 91 53 25 13 94 65 95 37 32 18 37 8 83
 37 14 73 96 27 29 26 10 69 45 22 37 89 5 12 79 99 21 35 1 62 37 89 44 59 32 43 10 21 76 100 64 9 65 19 8 64 34 81 48 75 30 52 49 48 12 93 95 87 72 53 91 34 22 59 51 76 16 31 81 56 45 60 11 97
 21 74 54 98 6 91 17 96 24 17 56 7 46 24 58 12 92 9 68 22 58 52 11 63 48 48 87 35 29 37 50 52 14 15 29 16 13 46 55 41 96 33 17 71 50 31 36 84 67 92 20 17 72 63 51 4 96 72 24 53 39 50 5 76 5
 19 43 14 55 75 5 86 0 33 10 85 5 59 93 44 99 83 86 55 57 60 65 6 68 44 56 68 70 25 53 62 65 74 6 13 75 53 4 24 72 45 9 35 88 43 50 99 21 62 84 44 37 68 78 40 38 91 87 8 3 91 63 21 5 54
 88 14 17 28 89 23 37 78 91 6 75 99 95 66 97 47 43 72 34 60 0 14 60 66 47 53 22 42 28 76 74 77 60 99 91 29 25 11 62 20 72 84 74 44 23 0 72 10 33 89 62 80 26 88 60 33 47 90 14 65 7 27 64 34 36
 61 70 54 61 31 24 67 2 86 93 9 54 96 53 75 92 11 37 84 11 32 22 48 71 32 66 66 48 15 97 4 32 35 8 74 70 73 90 38 99 16 32 53 0 11 55 61 54 16 14 75 27 39 54 67 4 25 63 14 96 10 83 28 75 61
 31 23 62 27 77 55 7 5 0 75 78 39 55 69 4 38 0 10 48 70 87 22 66 28 40 47 94 75 41 16 29 16 88 61 48 59 41 74 43 5 46 36 0 76 4 45 30 58 54 78 63 11 67 10 98 24 73 5 96 86 5 12 1 41 28
 61 15 36 53 65 39 38 74 35 31 50 68 49 96 64 44 30 24 43 50 27 84 86 83 10 29 49 6 20 85 60 53 46 4 55 88 83 87 71 19 81 36 51 63 56 44 94 43 39 48 29 100 87 46 26 4 98 49 89 64 99 41 40 12 10
 13 51 15 47 3 19 89 86 61 47 86 83 63 13 8 78 9 82 97 3 87 49 93 90 75 75 58 1 68 28 1 79 7 0 53 21 18 64 8 78 52 43 49 7 15 69 96 46 88 92 8 30 68 83 83 10 83 35 44 41 9 25 57 87 73
 90 59 58 36 83 50 7 55 48 68 12 19 0 34 59 91 53 3 61 98 94 89 65 30 32 34 44 92 86 83 93 13 53 29 74 54 32 46 84 9 51 25 4 31 65 69 23 3 95 13 67 5 97 94 0 97 35 91 91 20 86 23 38 26 78
 71 55 27 94 77 54 98 96 47 67 26 69 55 79 69 86 98 4 22 84 62 67 85 70 50 93 66 80 12 12 51 6 21 3 56 82 13 38 39 94 63 18 29 100 23 50 99 10 17 77 50 34 49 61 100 23 73 94 86 3 69 91 32 65 58
 40 5 74 37 66 64 14 19 60 1 16 7 50 68 12 85 79 61 54 49 32 64 37 29 3 14 96 43 29 32 29 67 73 93 2 19 16 53 25 13 68 82 90 23 44 21 73 25 42 66 88 88 8 41 58 66 87 17 63 49 59 37 16 68 76
 89 88 90 50 6 4 57 79 73 58 56 95 81 52 15 58 67 90 40 58 64 4 11 57 76 60 92 44 56 90 91 73 80 51 17 19 53 90 15 51 20 38 78 31 89 53 77 98 98 82 41 9 45 5 20 83 27 79 75 30 91 63 11 19 56
 25 91 2 74 2 36 55 100 70 92 32 59 49 32 97 85 53 23 74 28 4 8 45 76 99 14 35 64 2 33 68 57 19 42 32 26 0 35 75 10 19 82 50 33 54 34 93 66 94 10 21 61 38 67 50 12 86 87 57 27 65 5 30 64 37
 11 32 40 59 2 61 1 97 66 61 65 13 15 69 57 15 10 43 94 0 57 32 63 14 3 45 83 74 96 91 14 88 89 32 5 62 39 8 94 93 88 59 37 67 13 80 1 42 38 7 95 99 63 82 91 78 13 44 57 70 46 56 72 47 8
 71 67 3 88 44 87 87 21 8 56 98 44 49 30 2 92 7 52 38 79 19 65 92 41 17 78 88 33 95 56 19 25 45 66 90 2 39 39 67 32 68 14 34 59 68 73 17 86 9 98 0 96 40 21 72 4 19 94 97 82 4 87 88 46 4
 64 4 46 34 99 63 70 90 89 32 24 95 62 82 6 77 52 65 1 65 93 65 20 40 98 48 61 24 61 64 80 58 92 75 57 86 87 98 24 15 76 21 46 90 97 39 89 84 14 80 90 7 48 29 23 6 71 12 95 7 80 1 82 67 75
 81 14 0 67 43 80 66 32 32 23 52 51 10 28 26 16 10 51 96 32 32 15 89 53 27 69 24 52 50 22 32 28 90 87 73 85 2 35 50 31 73 29 77 43 86 6 90 23 17 70 77 54 29 2 89 83 87 54 80 74 45 3 38 93 32
 30 63 73 87 8 49 89 12 0 18 40 88 91 82 21 67 43 89 31 52 26 46 65 52 19 5 12 73 67 10 28 66 23 87 83 0 73 52 25 27 40 41 9 53 64 25 76 77 48 93 69 55 54 98 68 77 14 29 92 2 87 47 7 31 97
 36 52 67 92 40 51 9 56 4 52 46 87 31 96 75 90 31 84 27 23 51 70 80 59 84 29 86 14 89 23 97 31 26 6 29 49 3 91 21 13 76 94 14 81 77 97 78 64 82 15 59 18 7 53 96 76 69 38 99 21 49 19 56 44 89
 26 77 76 69 39 90 42 40 36 89 65 83 67 71 30 29 16 46 28 38 77 80 43 22 28 42 56 85 27 96 95 92 22 88 49 39 13 81 69 61 46 24 31 74 56 39 56 25 79 34 88 47 38 55 13 51 5 88 35 31 83 49 35 8 77
 47 60 0 71 23 33 94 23 95 33 74 16 92 63 24 71 48 80 14 85 79 71 77 25 3 16 67 53 79 68 12 1 89 11 56 10 52 3 19 100 79 8 80 1 63 91 77 25 54 67 7 94 83 37 79 76 76 67 54 2 65 44 25 3 73
 33 32 59 2 32 30 98 39 10 46 24 72 92 97 72 3 3 83 64 99 56 79 86 27 14 39 34 32 2 17 4 17 56 14 11 77 52 48 41 36 68 50 100 13 8 30 89 43 62 68 89 80 89 73 22 37 74 4 25 31 92 18 17 97 57
 20 25 83 96 12 8 33 16 81 3 41 50 73 15 9 4 51 7 11 11 82 83 14 8 2 92 60 94 2 20 16 11 33 64 77 60 100 58 66 9 9 86 58 28 38 74 68 8 90 58 5 27 1 64 11 17 7 42 83 29 35 7 73 20 48
 7 4 21 11 7 75 49 23 57 48 1 23 88 88 64 97 26 90 74 14 76 3 8 84 51 88 80 60 94 87 44 8 44 98 32 6 14 43 53 46 44 25 51 76 23 63 74 70 29 21 88 26 92 58 2 65 7 60 81 46 17 36 19 3 27
 93 89 35 84 0 95 86 35 90 19 87 35 35 61 96 68 38 65 49 76 58 4 99 69 48 56 66 70 76 84 37 23 51 48 18 53 51 83 48 94 30 62 93 80 77 15 4 25 36 40 100 61 60 72 53 28 26 88 79 2 98 57 46 58 37
 99 4 98 65 97 46 63 53 97 7 8 0 11 46 38 31 54 89 60 48 94 39 24 88 43 83 71 76 81 99 68 91 88 81 3 51 80 48 68 56 62 70 21 9 99 92 80 53 100 69 19 71 0 11 57 76 22 75 47 92 66 69 34 38 19
 21 43 49 24 48 43 53 84 48 10 16 21 12 88 36 70 56 52 81 32 30 85 64 33 44 27 31 90 41 14 23 51 81 9 58 36 5 1 55 90 81 47 32 9 26 19 71 60 33 32 63 54 96 25 99 53 19 50 84 23 81 81 5 4 67
 57 3 10 10 53 16 59 50 45 43 51 29 41 59 99 33 66 36 24 90 60 14 84 77 26 69 64 88 52 75 36 23 89 8 8 56 4 21 7 75 83 40 90 49 55 90 95 30 72 49 37 82 67 53 45 3 49 66 98 8 94 30 6 56 53
 60 4 32 36 8 31 4 8 72 89 62 21 59 39 63 79 72 80 37 66 12 40 41 84 90 62 38 20 61 43 60 95 49 80 42 78 92 91 36 87 99 74 95 73 93 95 77 17 88 71 80 2 65 48 64 32 31 60 61 95 9 86 2 69 94
 28 24 1 26 66 6 7 11 35 30 94 18 100 57 51 7 40 85 46 10 80 42 52 84 75 93 45 13 54 9 3 92 50 32 55 68 79 35 56 41 19 32 33 18 85 72 66 8 54 54 98 51 23 3 1 10 42 0 41 41 54 21 100 53 92
 22 52 100 92 59 48 39 75 32 85 50 58 16 19 99 82 85 77 99 72 98 14 21 37 34 75 4 68 70 81 24 65 23 71 81 25 44 53 58 17 16 39 34 60 9 5 63 64 63 61 47 72 79 58 28 20 46 87 92 82 14 32 42 9 6
 15 36 51 25 84 97 22 76 98 15 48 43 61 81 40 32 27 2 84 42 76 53 54 2 55 67 38 49 17 99 1 83 6 85 55 57 22 10 87 75 19 23 5 16 46 53 9 98 99 65 39 99 27 92 5 38 3 0 4 61 49 30 60 65 22
 65 40 99 10 74 40 9 44 86 93 18 76 12 36 64 17 61 30 8 81 15 83 26 73 71 3 31 83 23 38 100 93 21 97 22 59 11 25 64 88 91 80 40 64 50 52 43 93 38 96 72 52 6 27 85 4 6 60 27 45 28 35 28 33 91
 46 95 41 69 36 19 79 71 64 66 53 54 59 99 90 41 12 38 81 79 68 88 45 48 65 9 33 95 34 23 28 75 44 94 53 78 60 18 6 12 72 59 95 52 17 12 26 51 79 83 23 38 19 94 10 88 23 13 99 36 31 99 12 0 9
 82 8 86 51 76 96 98 10 24 5 31 57 42 81 12 84 24 84 85 74 65 12 66 31 58 68 23 53 50 50 39 87 67 35 80 99 65 18 90 52 22 20 53 14 11 73 49 64 8 59 8 9 80 22 91 90 64 73 14 23 97 52 7 4 70
 64 15 5 37 31 4 37 30 37 71 11 75 10 40 33 52 15 75 82 52 22 80 94 47 27 30 36 53 43 35 79 98 71 77 51 87 14 28 54 4 31 1 26 56 97 58 58 36 15 57 50 12 78 13 14 8 92 100 62 53 8 63 73 42 95
 86 90 69 5 54 74 95 77 91 69 10 24 20 9 39 19 34 49 44 2 9 24 18 82 15 1 82 76 75 76 55 95 26 51 83 67 34 30 97 26 21 82 45 4 79 100 75 5 32 20 46 40 3 12 92 3 75 56 49 4 87 60 88 64 43
 97 58 57 12 93 72 41 91 32 32 57 32 89 19 46 52 4 18 56 45 76 7 96 81 75 19 44 71 52 44 26 76 32 63 89 5 32 62 18 3 0 33 57 16 9 32 73 26 98 91 35 56 27 98 83 4 86 25 21 71 65 15 75 57 38
 25 96 93 43 50 58 52 18 9 1 67 66 50 89 14 68 77 39 86 40 43 66 55 15 57 49 12 71 88 62 4 13 50 89 67 94 53 62 57 66 20 57 92 98 70 68 99 47 89 55 33 83 48 61 1 23 18 42 100 57 92 82 84 66 39
 9 36 64 69 66 77 75 22 75 93 100 20 14 13 15 84 48 33 54 15 91 60 37 61 68 56 8 24 73 18 54 50 31 13 96 83 58 32 47 64 15 92 14 79 58 44 32 12 90 24 13 90 57 65 27 93 70 65 73 73 81 19 14 64 73
 37 15 10 84 87 0 13 90 41 17 2 54 67 55 13 28 7 83 65 88 13 70 94 39 74 38 56 97 81 24 64 82 9 55 99 97 30 39 25 90 41 75 67 69 24 62 22 79 43 32 99 42 93 9 74 68 21 77 70 14 81 84 69 89 69
 0 67 85 10 72 31 12 75 90 28 82 53 59 28 22 72 35 80 33 16 9 44 48 67 36 69 71 15 96 67 24 51 48 45 1 28 71 58 36 68 60 35 23 95 20 30 83 26 27 67 53 29 40 20 68 88 85 12 15 29 50 61 16 63 53
 43 58 75 28 17 100 1 9 55 97 96 17 29 79 87 47 90 24 13 77 69 9 70 61 33 51 25 58 47 19 74 38 87 26 29 60 15 25 22 84 95 4 78 54 86 49 63 62 63 25 50 82 48 89 20 69 14 64 43 8 48 92 46 2 6
 17 7 68 29 19 1 11 87 57 30 75 21 79 60 29 22 18 23 56 9 86 72 94 89 46 42 36 41 4 8 28 77 90 28 3 72 25 90 76 64 33 37 97 7 49 65 36 24 92 8 46 75 83 55 35 13 49 88 46 75 17 36 20 52 76
 21 28 10 4 47 72 1 99 82 0 83 46 91 19 95 47 18 65 77 39 27 24 44 22 45 42 18 65 3 64 53 1 56 82 68 36 60 65 41 88 85 3 18 15 41 42 70 53 27 46 18 2 90 50 18 44 95 61 6 77 44 52 85 70 23
 69 64 6 94 58 49 4 96 44 8 77 7 33 66 67 93 31 43 40 68 36 28 1 24 5 52 58 44 8 19 91 30 72 19 54 73 13 98 11 88 1 33 55 22 22 29 48 87 70 64 24 4 44 4 57 81 52 29 5 23 74 91 52 0 59
 71 12 93 66 49 22 84 83 88 61 0 83 29 29 72 67 15 45 77 84 62 66 7 74 0 9 83 91 64 56 1 7 59 60 66 81 70 0 63 80 0 45 6 50 1 27 77 85 21 23 68 96 4 75 15 36 78 45 65 89 77 17 8 91 13
 78 37 89 23 15 21 32 84 46 69 81 26 83 22 64 5 50 2 88 2 51 5 6 71 88 25 47 1 13 1 66 47 38 47 25 7 13 7 64 19 49 18 49 97 61 74 29 73 65 48 30 84 68 1 73 71 5 32 8 2 54 42 62 28 87
 27 96 87 79 88 58 45 11 24 0 33 56 75 97 17 69 67 80 65 12 34 34 36 38 15 22 0 42 57 86 30 98 31 13 100 69 50 49 73 24 79 44 81 55 15 39 50 4 23 45 38 17 39 68 4 11 7 25 87 67 21 56 7 93 91
 100 98 93 70 19 23 57 46 92 34 87 89 49 22 87 73 88 65 6 22 63 79 24 66 67 40 14 78 36 78 47 19 4 7 92 0 93 19 50 29 14 6 88 72 51 52 11 0 66 8 67 5 88 89 59 39 39 25 4 3 95 40 14 90 35
 9 2 49 23 46 59 26 38 93 13 98 37 44 89 13 54 90 89 87 12 9 20 2 53 91 62 28 60 0 20 52 66 41 84 15 58 81 82 100 52 14 19 38 73 9 13 43 25 9 54 73 67 12 37 83 19 7 63 97 64 33 11 92 93 49
 80 98 14 72 12 16 6 57 66 21 10 91 73 89 81 30 43 72 50 32 26 85 26 7 39 5 31 29 96 12 82 36 91 52 7 1 15 42 19 84 95 83 35 43 67 30 33 93 54 12 57 50 30 55 31 94 28 58 3 22 21 13 100 20 21
